54 40
40 3.908818e+00 9.750399e+00 3.086152e+00
41 3.908818e+00 8.905008e+00 3.086152e+00
43 3.908818e+00 8.250399e+00 3.086152e+00
52 3.908020e+00 8.905008e+00 6.114177e+00
53 3.905968e+00 8.249979e+00 6.116415e+00
55 3.910668e+00 9.749980e+00 6.111290e+00
409 3.908818e+00 9.468602e+00 3.086152e+00
410 3.908818e+00 9.186805e+00 3.086152e+00
417 3.908818e+00 8.577703e+00 3.086152e+00
479 3.906994e+00 8.577494e+00 6.115296e+00
482 3.908903e+00 9.186665e+00 6.113215e+00
483 3.909786e+00 9.468323e+00 6.112253e+00
918 3.909049e+00 9.750346e+00 3.464294e+00
919 3.909281e+00 9.750294e+00 3.842436e+00
920 3.909512e+00 9.750242e+00 4.220579e+00
921 3.909743e+00 9.750189e+00 4.598721e+00
922 3.909974e+00 9.750137e+00 4.976863e+00
923 3.910206e+00 9.750085e+00 5.355006e+00
924 3.910437e+00 9.750032e+00 5.733148e+00
925 3.908718e+00 8.905008e+00 3.464655e+00
926 3.908619e+00 8.905008e+00 3.843158e+00
927 3.908519e+00 8.905008e+00 4.221661e+00
928 3.908419e+00 8.905008e+00 4.600164e+00
929 3.908320e+00 8.905008e+00 4.978668e+00
930 3.908220e+00 8.905008e+00 5.357171e+00
931 3.908120e+00 8.905008e+00 5.735674e+00
932 3.908462e+00 8.250346e+00 3.464934e+00
933 3.908105e+00 8.250294e+00 3.843717e+00
934 3.907749e+00 8.250241e+00 4.222500e+00
935 3.907393e+00 8.250189e+00 4.601283e+00
936 3.907037e+00 8.250137e+00 4.980066e+00
937 3.906680e+00 8.250084e+00 5.358849e+00
938 3.906324e+00 8.250032e+00 5.737632e+00
2108 3.909665e+00 9.468358e+00 5.733990e+00
2109 3.909544e+00 9.468392e+00 5.355727e+00
2110 3.909423e+00 9.468427e+00 4.977465e+00
2111 3.909302e+00 9.468462e+00 4.599202e+00
2112 3.909181e+00 9.468497e+00 4.220939e+00
2113 3.909060e+00 9.468532e+00 3.842677e+00
2114 3.908939e+00 9.468567e+00 3.464414e+00
2115 3.908892e+00 9.186683e+00 5.734832e+00
2116 3.908882e+00 9.186700e+00 5.356449e+00
2117 3.908871e+00 9.186718e+00 4.978066e+00
2118 3.908861e+00 9.186735e+00 4.599683e+00
2119 3.908850e+00 9.186753e+00 4.221300e+00
2120 3.908839e+00 9.186770e+00 3.842917e+00
2121 3.908829e+00 9.186787e+00 3.464534e+00
2122 3.907222e+00 8.577520e+00 5.736653e+00
2123 3.907450e+00 8.577546e+00 5.358010e+00
2124 3.907678e+00 8.577572e+00 4.979367e+00
2125 3.907906e+00 8.577598e+00 4.600724e+00
2126 3.908134e+00 8.577625e+00 4.222081e+00
2127 3.908362e+00 8.577651e+00 3.843438e+00
2128 3.908590e+00 8.577677e+00 3.464795e+00
3131 204 55 483 2108 924 
3132 204 924 2108 2109 923 
3133 204 923 2109 2110 922 
3134 204 922 2110 2111 921 
3135 204 921 2111 2112 920 
3136 204 920 2112 2113 919 
3137 204 919 2113 2114 918 
3138 204 918 2114 409 40 
3139 204 483 482 2115 2108 
3140 204 2108 2115 2116 2109 
3141 204 2109 2116 2117 2110 
3142 204 2110 2117 2118 2111 
3143 204 2111 2118 2119 2112 
3144 204 2112 2119 2120 2113 
3145 204 2113 2120 2121 2114 
3146 204 2114 2121 410 409 
3147 204 482 52 931 2115 
3148 204 2115 931 930 2116 
3149 204 2116 930 929 2117 
3150 204 2117 929 928 2118 
3151 204 2118 928 927 2119 
3152 204 2119 927 926 2120 
3153 204 2120 926 925 2121 
3154 204 2121 925 41 410 
3155 204 52 479 2122 931 
3156 204 931 2122 2123 930 
3157 204 930 2123 2124 929 
3158 204 929 2124 2125 928 
3159 204 928 2125 2126 927 
3160 204 927 2126 2127 926 
3161 204 926 2127 2128 925 
3162 204 925 2128 417 41 
3163 204 479 53 938 2122 
3164 204 2122 938 937 2123 
3165 204 2123 937 936 2124 
3166 204 2124 936 935 2125 
3167 204 2125 935 934 2126 
3168 204 2126 934 933 2127 
3169 204 2127 933 932 2128 
3170 204 2128 932 43 417 
