46 34
6 5.692856e+00 9.750283e+00 3.904516e+00
8 5.730407e+00 9.749982e+00 6.079878e+00
39 5.379260e+00 9.750304e+00 3.754986e+00
40 3.908818e+00 9.750399e+00 3.086152e+00
55 3.910668e+00 9.749980e+00 6.111290e+00
60 5.156739e+00 9.749981e+00 6.089781e+00
206 5.699115e+00 9.750233e+00 4.267076e+00
207 5.705373e+00 9.750183e+00 4.629636e+00
208 5.711632e+00 9.750132e+00 4.992197e+00
209 5.717890e+00 9.750082e+00 5.354757e+00
210 5.724149e+00 9.750032e+00 5.717318e+00
405 5.085171e+00 9.750323e+00 3.621219e+00
406 4.791083e+00 9.750342e+00 3.487452e+00
407 4.496995e+00 9.750361e+00 3.353685e+00
408 4.202906e+00 9.750380e+00 3.219918e+00
493 4.845221e+00 9.749981e+00 6.095158e+00
494 4.533703e+00 9.749981e+00 6.100536e+00
495 4.222186e+00 9.749980e+00 6.105913e+00
502 5.443573e+00 9.749982e+00 6.084829e+00
913 5.342173e+00 9.750250e+00 4.144118e+00
914 5.305086e+00 9.750196e+00 4.533251e+00
915 5.267999e+00 9.750143e+00 4.922383e+00
916 5.230912e+00 9.750089e+00 5.311516e+00
917 5.193826e+00 9.750035e+00 5.700648e+00
918 3.909049e+00 9.750346e+00 3.464294e+00
919 3.909281e+00 9.750294e+00 3.842436e+00
920 3.909512e+00 9.750242e+00 4.220579e+00
921 3.909743e+00 9.750189e+00 4.598721e+00
922 3.909974e+00 9.750137e+00 4.976863e+00
923 3.910206e+00 9.750085e+00 5.355006e+00
924 3.910437e+00 9.750032e+00 5.733148e+00
2093 4.267388e+00 9.750309e+00 3.728786e+00
2094 4.258348e+00 9.750243e+00 4.204211e+00
2095 4.249307e+00 9.750178e+00 4.679637e+00
2096 4.240267e+00 9.750112e+00 5.155062e+00
2097 4.231226e+00 9.750046e+00 5.630487e+00
2098 4.983911e+00 9.750270e+00 4.005674e+00
2099 4.625650e+00 9.750290e+00 3.867230e+00
2100 4.956173e+00 9.750212e+00 4.423571e+00
2101 4.607260e+00 9.750228e+00 4.313891e+00
2102 4.928435e+00 9.750154e+00 4.841468e+00
2103 4.588871e+00 9.750166e+00 4.760552e+00
2104 4.900697e+00 9.750097e+00 5.259364e+00
2105 4.570482e+00 9.750104e+00 5.207213e+00
2106 4.872959e+00 9.750039e+00 5.677261e+00
2107 4.552093e+00 9.750042e+00 5.653874e+00
3097 204 8 502 917 210 
3098 203 502 60 917 
3099 204 39 6 206 913 
3100 204 913 206 207 914 
3101 204 914 207 208 915 
3102 204 915 208 209 916 
3103 204 916 209 210 917 
3104 204 55 924 2097 495 
3105 204 924 923 2096 2097 
3106 203 923 922 2096 
3107 204 922 921 2095 2096 
3108 204 921 920 2094 2095 
3109 204 920 919 2093 2094 
3110 204 919 918 408 2093 
3111 203 918 40 408 
3112 203 408 407 2093 
3113 204 407 406 2099 2093 
3114 204 406 405 2098 2099 
3115 204 405 39 913 2098 
3116 204 913 914 2100 2098 
3117 204 2098 2100 2101 2099 
3118 204 2099 2101 2094 2093 
3119 204 914 915 2102 2100 
3120 204 2100 2102 2103 2101 
3121 204 2101 2103 2095 2094 
3122 204 915 916 2104 2102 
3123 204 2102 2104 2105 2103 
3124 204 2103 2105 2096 2095 
3125 204 916 917 2106 2104 
3126 204 2104 2106 2107 2105 
3127 204 2105 2107 2097 2096 
3128 204 917 60 493 2106 
3129 204 2106 493 494 2107 
3130 204 2107 494 495 2097 
