36 25
29 2.248093e+01 9.750248e+00 3.983446e+00
30 2.307493e+01 9.749996e+00 5.784022e+00
31 2.248093e+01 8.250248e+00 3.983446e+00
32 2.307493e+01 8.250008e+00 5.783908e+00
34 2.248093e+01 8.904973e+00 3.983446e+00
76 2.307493e+01 8.899504e+00 5.783958e+00
349 2.259973e+01 9.750198e+00 4.343562e+00
350 2.271853e+01 9.750147e+00 4.703677e+00
351 2.283733e+01 9.750097e+00 5.063792e+00
352 2.295613e+01 9.750046e+00 5.423907e+00
366 2.259973e+01 8.250200e+00 4.343539e+00
367 2.271853e+01 8.250152e+00 4.703631e+00
368 2.283733e+01 8.250104e+00 5.063724e+00
369 2.295613e+01 8.250056e+00 5.423816e+00
383 2.248093e+01 9.468490e+00 3.983446e+00
384 2.248093e+01 9.186732e+00 3.983446e+00
393 2.248093e+01 8.577611e+00 3.983446e+00
590 2.307493e+01 8.574756e+00 5.783933e+00
598 2.307493e+01 9.183001e+00 5.783979e+00
599 2.307493e+01 9.466499e+00 5.784001e+00
1170 2.259973e+01 8.903879e+00 4.343549e+00
1171 2.271853e+01 8.902786e+00 4.703651e+00
1172 2.283733e+01 8.901692e+00 5.063753e+00
1173 2.295613e+01 8.900598e+00 5.423855e+00
2523 2.259973e+01 9.185985e+00 4.343553e+00
2524 2.271853e+01 9.185239e+00 4.703660e+00
2525 2.283733e+01 9.184493e+00 5.063766e+00
2526 2.295613e+01 9.183747e+00 5.423873e+00
2527 2.259973e+01 9.468092e+00 4.343557e+00
2528 2.271853e+01 9.467693e+00 4.703668e+00
2529 2.283733e+01 9.467295e+00 5.063779e+00
2530 2.295613e+01 9.466897e+00 5.423890e+00
2531 2.259973e+01 8.577040e+00 4.343544e+00
2532 2.271853e+01 8.576469e+00 4.703641e+00
2533 2.283733e+01 8.575898e+00 5.063738e+00
2534 2.295613e+01 8.575327e+00 5.423836e+00
3842 204 34 384 2523 1170 
3843 204 1170 2523 2524 1171 
3844 204 1171 2524 2525 1172 
3845 204 1172 2525 2526 1173 
3846 204 1173 2526 598 76 
3847 204 384 383 2527 2523 
3848 204 2523 2527 2528 2524 
3849 204 2524 2528 2529 2525 
3850 204 2525 2529 2530 2526 
3851 204 2526 2530 599 598 
3852 204 383 29 349 2527 
3853 204 2527 349 350 2528 
3854 204 2528 350 351 2529 
3855 204 2529 351 352 2530 
3856 204 2530 352 30 599 
3857 204 31 393 2531 366 
3858 204 366 2531 2532 367 
3859 204 367 2532 2533 368 
3860 204 368 2533 2534 369 
3861 204 369 2534 590 32 
3862 204 393 34 1170 2531 
3863 204 2531 1170 1171 2532 
3864 204 2532 1171 1172 2533 
3865 204 2533 1172 1173 2534 
3866 204 2534 1173 76 590 
