38 27
42 5.377264e+00 8.250303e+00 3.759749e+00
43 3.908818e+00 8.250399e+00 3.086152e+00
53 3.905968e+00 8.249979e+00 6.116415e+00
58 5.154743e+00 8.249981e+00 6.094544e+00
418 4.202507e+00 8.250380e+00 3.220871e+00
419 4.496196e+00 8.250361e+00 3.355591e+00
420 4.789886e+00 8.250341e+00 3.490310e+00
421 5.083575e+00 8.250322e+00 3.625030e+00
484 4.218162e+00 8.249980e+00 6.110947e+00
485 4.530356e+00 8.249980e+00 6.105479e+00
486 4.842549e+00 8.249980e+00 6.100012e+00
932 3.908462e+00 8.250346e+00 3.464934e+00
933 3.908105e+00 8.250294e+00 3.843717e+00
934 3.907749e+00 8.250241e+00 4.222500e+00
935 3.907393e+00 8.250189e+00 4.601283e+00
936 3.907037e+00 8.250137e+00 4.980066e+00
937 3.906680e+00 8.250084e+00 5.358849e+00
938 3.906324e+00 8.250032e+00 5.737632e+00
939 5.191830e+00 8.250034e+00 5.705412e+00
940 5.228917e+00 8.250088e+00 5.316279e+00
941 5.266004e+00 8.250142e+00 4.927147e+00
942 5.303091e+00 8.250196e+00 4.538014e+00
943 5.340177e+00 8.250250e+00 4.148882e+00
2129 4.266302e+00 8.250309e+00 3.730617e+00
2130 4.624260e+00 8.250289e+00 3.870038e+00
2131 4.982219e+00 8.250269e+00 4.009460e+00
2132 4.227790e+00 8.250046e+00 5.634881e+00
2133 4.237418e+00 8.250111e+00 5.158815e+00
2134 4.247046e+00 8.250177e+00 4.682749e+00
2135 4.256674e+00 8.250243e+00 4.206683e+00
2136 4.549136e+00 8.250042e+00 5.658391e+00
2137 4.567917e+00 8.250104e+00 5.211303e+00
2138 4.586698e+00 8.250166e+00 4.764215e+00
2139 4.605479e+00 8.250227e+00 4.317127e+00
2140 4.870483e+00 8.250038e+00 5.681901e+00
2141 4.898417e+00 8.250096e+00 5.263791e+00
2142 4.926351e+00 8.250154e+00 4.845681e+00
2143 4.954285e+00 8.250212e+00 4.427570e+00
3171 204 42 421 2131 943 
3172 204 421 420 2130 2131 
3173 204 420 419 2129 2130 
3174 204 419 418 932 2129 
3175 203 418 43 932 
3176 203 932 933 2129 
3177 204 933 934 2135 2129 
3178 204 934 935 2134 2135 
3179 204 935 936 2133 2134 
3180 203 936 937 2133 
3181 204 937 938 2132 2133 
3182 204 938 53 484 2132 
3183 204 484 485 2136 2132 
3184 204 2132 2136 2137 2133 
3185 204 2133 2137 2138 2134 
3186 204 2134 2138 2139 2135 
3187 204 2135 2139 2130 2129 
3188 204 485 486 2140 2136 
3189 204 2136 2140 2141 2137 
3190 204 2137 2141 2142 2138 
3191 204 2138 2142 2143 2139 
3192 204 2139 2143 2131 2130 
3193 204 486 58 939 2140 
3194 204 2140 939 940 2141 
3195 204 2141 940 941 2142 
3196 204 2142 941 942 2143 
3197 204 2143 942 943 2131 
