48 35
33 2.475033e+01 9.750385e+00 2.968158e+00
35 2.475033e+01 8.905110e+00 2.968158e+00
36 2.475033e+01 8.250385e+00 2.968158e+00
78 2.475000e+01 8.250012e+00 5.751356e+00
79 2.475000e+01 8.899508e+00 5.751445e+00
80 2.475000e+01 9.750000e+00 5.751561e+00
391 2.475033e+01 9.186869e+00 2.968158e+00
392 2.475033e+01 9.468627e+00 2.968158e+00
400 2.475033e+01 8.577748e+00 2.968158e+00
611 2.475000e+01 8.574760e+00 5.751400e+00
616 2.475000e+01 9.183006e+00 5.751483e+00
617 2.475000e+01 9.466503e+00 5.751522e+00
1152 2.475028e+01 8.904310e+00 3.365770e+00
1153 2.475024e+01 8.903510e+00 3.763383e+00
1154 2.475019e+01 8.902710e+00 4.160995e+00
1155 2.475014e+01 8.901909e+00 4.558607e+00
1156 2.475009e+01 8.901109e+00 4.956220e+00
1157 2.475005e+01 8.900309e+00 5.353832e+00
1158 2.475005e+01 8.250065e+00 5.353756e+00
1159 2.475009e+01 8.250119e+00 4.956156e+00
1160 2.475014e+01 8.250172e+00 4.558557e+00
1161 2.475019e+01 8.250225e+00 4.160957e+00
1162 2.475024e+01 8.250279e+00 3.763357e+00
1163 2.475028e+01 8.250332e+00 3.365758e+00
1164 2.475028e+01 9.750330e+00 3.365787e+00
1165 2.475024e+01 9.750275e+00 3.763416e+00
1166 2.475019e+01 9.750220e+00 4.161045e+00
1167 2.475014e+01 9.750165e+00 4.558674e+00
1168 2.475009e+01 9.750110e+00 4.956303e+00
1169 2.475005e+01 9.750055e+00 5.353932e+00
2479 2.475005e+01 8.575187e+00 5.353794e+00
2480 2.475009e+01 8.575614e+00 4.956188e+00
2481 2.475014e+01 8.576041e+00 4.558582e+00
2482 2.475019e+01 8.576467e+00 4.160976e+00
2483 2.475024e+01 8.576894e+00 3.763370e+00
2484 2.475028e+01 8.577321e+00 3.365764e+00
2485 2.475028e+01 9.468324e+00 3.365781e+00
2486 2.475024e+01 9.468020e+00 3.763405e+00
2487 2.475019e+01 9.467717e+00 4.161028e+00
2488 2.475014e+01 9.467413e+00 4.558652e+00
2489 2.475009e+01 9.467110e+00 4.956275e+00
2490 2.475005e+01 9.466806e+00 5.353899e+00
2491 2.475028e+01 9.186317e+00 3.365776e+00
2492 2.475024e+01 9.185765e+00 3.763394e+00
2493 2.475019e+01 9.185213e+00 4.161012e+00
2494 2.475014e+01 9.184661e+00 4.558630e+00
2495 2.475009e+01 9.184109e+00 4.956248e+00
2496 2.475005e+01 9.183557e+00 5.353865e+00
3770 204 79 1157 2479 611 
3771 204 611 2479 1158 78 
3772 204 1157 1156 2480 2479 
3773 204 2479 2480 1159 1158 
3774 204 1156 1155 2481 2480 
3775 204 2480 2481 1160 1159 
3776 204 1155 1154 2482 2481 
3777 204 2481 2482 1161 1160 
3778 204 1154 1153 2483 2482 
3779 204 2482 2483 1162 1161 
3780 204 1153 1152 2484 2483 
3781 204 2483 2484 1163 1162 
3782 204 1152 35 400 2484 
3783 204 2484 400 36 1163 
3784 204 33 392 2485 1164 
3785 204 1164 2485 2486 1165 
3786 204 1165 2486 2487 1166 
3787 204 1166 2487 2488 1167 
3788 204 1167 2488 2489 1168 
3789 204 1168 2489 2490 1169 
3790 204 1169 2490 617 80 
3791 204 392 391 2491 2485 
3792 204 2485 2491 2492 2486 
3793 204 2486 2492 2493 2487 
3794 204 2487 2493 2494 2488 
3795 204 2488 2494 2495 2489 
3796 204 2489 2495 2496 2490 
3797 204 2490 2496 616 617 
3798 204 391 35 1152 2491 
3799 204 2491 1152 1153 2492 
3800 204 2492 1153 1154 2493 
3801 204 2493 1154 1155 2494 
3802 204 2494 1155 1156 2495 
3803 204 2495 1156 1157 2496 
3804 204 2496 1157 79 616 
