42 30
1 5.731035e+00 8.249982e+00 6.084451e+00
4 5.692856e+00 8.250283e+00 3.904516e+00
6 5.692856e+00 9.750283e+00 3.904516e+00
8 5.730407e+00 9.749982e+00 6.079878e+00
37 5.692856e+00 8.905008e+00 3.904516e+00
62 5.730763e+00 8.899188e+00 6.082472e+00
192 5.699219e+00 8.250233e+00 4.267838e+00
193 5.705582e+00 8.250182e+00 4.631161e+00
194 5.711946e+00 8.250132e+00 4.994483e+00
195 5.718309e+00 8.250082e+00 5.357806e+00
196 5.724672e+00 8.250032e+00 5.721128e+00
206 5.699115e+00 9.750233e+00 4.267076e+00
207 5.705373e+00 9.750183e+00 4.629636e+00
208 5.711632e+00 9.750132e+00 4.992197e+00
209 5.717890e+00 9.750082e+00 5.354757e+00
210 5.724149e+00 9.750032e+00 5.717318e+00
401 5.692856e+00 9.186766e+00 3.904516e+00
402 5.692856e+00 9.468525e+00 3.904516e+00
415 5.692856e+00 8.577645e+00 3.904516e+00
500 5.730899e+00 8.574585e+00 6.083461e+00
503 5.730645e+00 9.182786e+00 6.081607e+00
504 5.730526e+00 9.466384e+00 6.080743e+00
944 5.724446e+00 8.900158e+00 5.719479e+00
945 5.718128e+00 8.901128e+00 5.356486e+00
946 5.711810e+00 8.902098e+00 4.993494e+00
947 5.705492e+00 8.903068e+00 4.630501e+00
948 5.699174e+00 8.904038e+00 4.267508e+00
2144 5.699154e+00 9.186103e+00 4.267364e+00
2145 5.699134e+00 9.468168e+00 4.267220e+00
2146 5.705452e+00 9.185439e+00 4.630213e+00
2147 5.705413e+00 9.467811e+00 4.629925e+00
2148 5.711750e+00 9.184776e+00 4.993061e+00
2149 5.711691e+00 9.467454e+00 4.992629e+00
2150 5.718049e+00 9.184113e+00 5.355910e+00
2151 5.717969e+00 9.467097e+00 5.355334e+00
2152 5.724347e+00 9.183449e+00 5.718759e+00
2153 5.724248e+00 9.466741e+00 5.718038e+00
2154 5.699197e+00 8.577135e+00 4.267673e+00
2155 5.705537e+00 8.576625e+00 4.630831e+00
2156 5.711878e+00 8.576115e+00 4.993988e+00
2157 5.718218e+00 8.575605e+00 5.357146e+00
2158 5.724559e+00 8.575095e+00 5.720304e+00
3205 204 37 948 2144 401 
3206 204 401 2144 2145 402 
3207 204 402 2145 206 6 
3208 204 948 947 2146 2144 
3209 204 2144 2146 2147 2145 
3210 204 2145 2147 207 206 
3211 204 947 946 2148 2146 
3212 204 2146 2148 2149 2147 
3213 204 2147 2149 208 207 
3214 204 946 945 2150 2148 
3215 204 2148 2150 2151 2149 
3216 204 2149 2151 209 208 
3217 204 945 944 2152 2150 
3218 204 2150 2152 2153 2151 
3219 204 2151 2153 210 209 
3220 204 944 62 503 2152 
3221 204 2152 503 504 2153 
3222 204 2153 504 8 210 
3223 204 4 192 2154 415 
3224 204 415 2154 948 37 
3225 204 192 193 2155 2154 
3226 204 2154 2155 947 948 
3227 204 193 194 2156 2155 
3228 204 2155 2156 946 947 
3229 204 194 195 2157 2156 
3230 204 2156 2157 945 946 
3231 204 195 196 2158 2157 
3232 204 2157 2158 944 945 
3233 204 196 1 500 2158 
3234 204 2158 500 62 944 
