50 37
31 2.248093e+01 8.250248e+00 3.983446e+00
32 2.307493e+01 8.250008e+00 5.783908e+00
36 2.475033e+01 8.250385e+00 2.968158e+00
78 2.475000e+01 8.250012e+00 5.751356e+00
366 2.259973e+01 8.250200e+00 4.343539e+00
367 2.271853e+01 8.250152e+00 4.703631e+00
368 2.283733e+01 8.250104e+00 5.063724e+00
369 2.295613e+01 8.250056e+00 5.423816e+00
394 2.280513e+01 8.250268e+00 3.838405e+00
395 2.312933e+01 8.250287e+00 3.693364e+00
396 2.345353e+01 8.250307e+00 3.548323e+00
397 2.377773e+01 8.250327e+00 3.403281e+00
398 2.410193e+01 8.250346e+00 3.258240e+00
399 2.442613e+01 8.250366e+00 3.113199e+00
607 2.340995e+01 8.250009e+00 5.777398e+00
608 2.374496e+01 8.250010e+00 5.770887e+00
609 2.407997e+01 8.250010e+00 5.764377e+00
610 2.441499e+01 8.250011e+00 5.757866e+00
1158 2.475005e+01 8.250065e+00 5.353756e+00
1159 2.475009e+01 8.250119e+00 4.956156e+00
1160 2.475014e+01 8.250172e+00 4.558557e+00
1161 2.475019e+01 8.250225e+00 4.160957e+00
1162 2.475024e+01 8.250279e+00 3.763357e+00
1163 2.475028e+01 8.250332e+00 3.365758e+00
2535 2.293153e+01 8.250217e+00 4.217219e+00
2536 2.305521e+01 8.250166e+00 4.600525e+00
2537 2.317617e+01 8.250114e+00 4.988323e+00
2538 2.329442e+01 8.250062e+00 5.380614e+00
2539 2.326332e+01 8.250234e+00 4.090899e+00
2540 2.339188e+01 8.250180e+00 4.497418e+00
2541 2.351501e+01 8.250124e+00 4.912923e+00
2542 2.363270e+01 8.250068e+00 5.337413e+00
2543 2.359512e+01 8.250251e+00 3.964578e+00
2544 2.372856e+01 8.250194e+00 4.394312e+00
2545 2.385385e+01 8.250134e+00 4.837523e+00
2546 2.397099e+01 8.250073e+00 5.294211e+00
2547 2.392692e+01 8.250268e+00 3.838258e+00
2548 2.406524e+01 8.250208e+00 4.291205e+00
2549 2.419269e+01 8.250145e+00 4.762122e+00
2550 2.430927e+01 8.250079e+00 5.251009e+00
2551 2.418760e+01 8.250292e+00 3.665105e+00
2552 2.426796e+01 8.250236e+00 4.080771e+00
2553 2.434298e+01 8.250179e+00 4.505239e+00
2554 2.441269e+01 8.250121e+00 4.938509e+00
2555 2.447707e+01 8.250062e+00 5.380580e+00
2556 2.446199e+01 8.250316e+00 3.481220e+00
2557 2.449600e+01 8.250267e+00 3.852298e+00
2558 2.452816e+01 8.250216e+00 4.226431e+00
2559 2.455848e+01 8.250166e+00 4.603620e+00
2560 2.458694e+01 8.250115e+00 4.983866e+00
3867 204 31 366 2535 394 
3868 204 366 367 2536 2535 
3869 204 367 368 2537 2536 
3870 204 368 369 2538 2537 
3871 204 369 32 607 2538 
3872 204 394 2535 2539 395 
3873 204 2535 2536 2540 2539 
3874 204 2536 2537 2541 2540 
3875 204 2537 2538 2542 2541 
3876 204 2538 607 608 2542 
3877 204 395 2539 2543 396 
3878 204 2539 2540 2544 2543 
3879 204 2540 2541 2545 2544 
3880 204 2541 2542 2546 2545 
3881 204 2542 608 609 2546 
3882 204 396 2543 2547 397 
3883 204 2543 2544 2548 2547 
3884 204 2544 2545 2549 2548 
3885 204 2545 2546 2550 2549 
3886 204 2546 609 610 2550 
3887 204 397 2547 2551 398 
3888 204 2547 2548 2552 2551 
3889 204 2548 2549 2553 2552 
3890 204 2549 2550 2554 2553 
3891 204 2550 610 2555 2554 
3892 204 398 2551 2556 399 
3893 204 2551 2552 2557 2556 
3894 204 2552 2553 2558 2557 
3895 204 2553 2554 2559 2558 
3896 204 2554 2555 2560 2559 
3897 204 399 2556 1163 36 
3898 204 2556 2557 1162 1163 
3899 204 2557 2558 1161 1162 
3900 204 2558 2559 1160 1161 
3901 204 2559 2560 1159 1160 
3902 204 2560 2555 1158 1159 
3903 204 2555 610 78 1158 
