50 37
29 2.248093e+01 9.750248e+00 3.983446e+00
30 2.307493e+01 9.749996e+00 5.784022e+00
33 2.475033e+01 9.750385e+00 2.968158e+00
80 2.475000e+01 9.750000e+00 5.751561e+00
349 2.259973e+01 9.750198e+00 4.343562e+00
350 2.271853e+01 9.750147e+00 4.703677e+00
351 2.283733e+01 9.750097e+00 5.063792e+00
352 2.295613e+01 9.750046e+00 5.423907e+00
377 2.442613e+01 9.750366e+00 3.113199e+00
378 2.410193e+01 9.750346e+00 3.258240e+00
379 2.377773e+01 9.750327e+00 3.403281e+00
380 2.345353e+01 9.750307e+00 3.548323e+00
381 2.312933e+01 9.750287e+00 3.693364e+00
382 2.280513e+01 9.750268e+00 3.838405e+00
618 2.441499e+01 9.749999e+00 5.758053e+00
619 2.407997e+01 9.749998e+00 5.764546e+00
620 2.374496e+01 9.749997e+00 5.771038e+00
621 2.340995e+01 9.749997e+00 5.777530e+00
1164 2.475028e+01 9.750330e+00 3.365787e+00
1165 2.475024e+01 9.750275e+00 3.763416e+00
1166 2.475019e+01 9.750220e+00 4.161045e+00
1167 2.475014e+01 9.750165e+00 4.558674e+00
1168 2.475009e+01 9.750110e+00 4.956303e+00
1169 2.475005e+01 9.750055e+00 5.353932e+00
2497 2.439670e+01 9.750054e+00 5.358941e+00
2498 2.404063e+01 9.750053e+00 5.368443e+00
2499 2.368185e+01 9.750051e+00 5.382438e+00
2500 2.332035e+01 9.750049e+00 5.400926e+00
2501 2.437841e+01 9.750110e+00 4.959829e+00
2502 2.400129e+01 9.750108e+00 4.972341e+00
2503 2.361874e+01 9.750106e+00 4.993839e+00
2504 2.323075e+01 9.750102e+00 5.024322e+00
2505 2.436012e+01 9.750165e+00 4.560717e+00
2506 2.396195e+01 9.750163e+00 4.576239e+00
2507 2.355563e+01 9.750160e+00 4.605239e+00
2508 2.314115e+01 9.750154e+00 4.647719e+00
2509 2.434183e+01 9.750221e+00 4.161605e+00
2510 2.392261e+01 9.750218e+00 4.180136e+00
2511 2.349252e+01 9.750214e+00 4.216640e+00
2512 2.305156e+01 9.750207e+00 4.271115e+00
2513 2.438765e+01 9.750268e+00 3.821019e+00
2514 2.401975e+01 9.750259e+00 3.887424e+00
2515 2.364652e+01 9.750249e+00 3.962632e+00
2516 2.326796e+01 9.750238e+00 4.046642e+00
2517 2.288409e+01 9.750226e+00 4.139455e+00
2518 2.443729e+01 9.750317e+00 3.462003e+00
2519 2.412245e+01 9.750304e+00 3.561276e+00
2520 2.380576e+01 9.750290e+00 3.663605e+00
2521 2.348723e+01 9.750276e+00 3.768990e+00
2522 2.316684e+01 9.750262e+00 3.877432e+00
3805 204 80 618 2497 1169 
3806 204 618 619 2498 2497 
3807 204 619 620 2499 2498 
3808 204 620 621 2500 2499 
3809 204 621 30 352 2500 
3810 204 1169 2497 2501 1168 
3811 204 2497 2498 2502 2501 
3812 204 2498 2499 2503 2502 
3813 204 2499 2500 2504 2503 
3814 204 2500 352 351 2504 
3815 204 1168 2501 2505 1167 
3816 204 2501 2502 2506 2505 
3817 204 2502 2503 2507 2506 
3818 204 2503 2504 2508 2507 
3819 204 2504 351 350 2508 
3820 204 1167 2505 2509 1166 
3821 204 2505 2506 2510 2509 
3822 204 2506 2507 2511 2510 
3823 204 2507 2508 2512 2511 
3824 204 2508 350 349 2512 
3825 204 1166 2509 2513 1165 
3826 204 2509 2510 2514 2513 
3827 204 2510 2511 2515 2514 
3828 204 2511 2512 2516 2515 
3829 204 2512 349 2517 2516 
3830 204 1165 2513 2518 1164 
3831 204 2513 2514 2519 2518 
3832 204 2514 2515 2520 2519 
3833 204 2515 2516 2521 2520 
3834 204 2516 2517 2522 2521 
3835 204 1164 2518 377 33 
3836 204 2518 2519 378 377 
3837 204 2519 2520 379 378 
3838 204 2520 2521 380 379 
3839 204 2521 2522 381 380 
3840 204 2522 2517 382 381 
3841 204 2517 349 29 382 
