78 60
25 1.989792e+01 8.250120e+00 4.934990e+00
27 1.989766e+01 9.750120e+00 4.935067e+00
29 2.248093e+01 9.750248e+00 3.983446e+00
31 2.248093e+01 8.250248e+00 3.983446e+00
34 2.248093e+01 8.904973e+00 3.983446e+00
49 1.989792e+01 8.904845e+00 4.934990e+00
313 1.953102e+01 8.250106e+00 5.038855e+00
314 1.916225e+01 8.250093e+00 5.135824e+00
315 1.879172e+01 8.250082e+00 5.225863e+00
316 1.841956e+01 8.250071e+00 5.308941e+00
317 1.804592e+01 8.250061e+00 5.385028e+00
328 1.953077e+01 9.750106e+00 5.038924e+00
329 1.916200e+01 9.750093e+00 5.135886e+00
330 1.879148e+01 9.750082e+00 5.225919e+00
331 1.841933e+01 9.750071e+00 5.308990e+00
332 1.804570e+01 9.750061e+00 5.385071e+00
343 2.212013e+01 9.750227e+00 4.140690e+00
344 2.175635e+01 9.750207e+00 4.290924e+00
345 2.138974e+01 9.750187e+00 4.434092e+00
346 2.102042e+01 9.750169e+00 4.570139e+00
347 2.064855e+01 9.750152e+00 4.699016e+00
348 2.027425e+01 9.750135e+00 4.820674e+00
360 2.212016e+01 8.250227e+00 4.140675e+00
361 2.175642e+01 8.250207e+00 4.290895e+00
362 2.138985e+01 8.250187e+00 4.434050e+00
363 2.102057e+01 8.250169e+00 4.570087e+00
364 2.064873e+01 8.250152e+00 4.698954e+00
365 2.027447e+01 8.250135e+00 4.820604e+00
383 2.248093e+01 9.468490e+00 3.983446e+00
384 2.248093e+01 9.186732e+00 3.983446e+00
393 2.248093e+01 8.577611e+00 3.983446e+00
463 1.953102e+01 8.904831e+00 5.038855e+00
464 1.916225e+01 8.904819e+00 5.135824e+00
465 1.879172e+01 8.904807e+00 5.225863e+00
466 1.841956e+01 8.904796e+00 5.308941e+00
467 1.804592e+01 8.904786e+00 5.385028e+00
469 1.989775e+01 9.468362e+00 4.935041e+00
470 1.989783e+01 9.186604e+00 4.935016e+00
471 1.989792e+01 8.577483e+00 4.934990e+00
472 2.212016e+01 8.904952e+00 4.140675e+00
473 2.175642e+01 8.904932e+00 4.290895e+00
474 2.138985e+01 8.904912e+00 4.434050e+00
475 2.102057e+01 8.904894e+00 4.570087e+00
476 2.064873e+01 8.904877e+00 4.698954e+00
477 2.027447e+01 8.904861e+00 4.820604e+00
1485 1.804584e+01 9.186544e+00 5.385045e+00
1486 1.804577e+01 9.468302e+00 5.385060e+00
1487 1.841949e+01 9.186554e+00 5.308963e+00
1488 1.841941e+01 9.468312e+00 5.308979e+00
1489 1.879164e+01 9.186565e+00 5.225887e+00
1490 1.879156e+01 9.468323e+00 5.225906e+00
1491 1.916217e+01 9.186577e+00 5.135847e+00
1492 1.916208e+01 9.468335e+00 5.135868e+00
1493 1.953094e+01 9.186590e+00 5.038877e+00
1494 1.953086e+01 9.468348e+00 5.038900e+00
1496 1.804592e+01 8.577423e+00 5.385033e+00
1497 1.841957e+01 8.577433e+00 5.308949e+00
1498 1.879172e+01 8.577444e+00 5.225871e+00
1499 1.916225e+01 8.577456e+00 5.135828e+00
1500 1.953102e+01 8.577469e+00 5.038855e+00
1501 2.027439e+01 9.186619e+00 4.820626e+00
1502 2.027432e+01 9.468377e+00 4.820649e+00
1503 2.064867e+01 9.186635e+00 4.698978e+00
1504 2.064861e+01 9.468393e+00 4.698998e+00
1505 2.102052e+01 9.186652e+00 4.570110e+00
1506 2.102048e+01 9.468411e+00 4.570128e+00
1507 2.138981e+01 9.186671e+00 4.434070e+00
1508 2.138978e+01 9.468429e+00 4.434084e+00
1509 2.175640e+01 9.186690e+00 4.290908e+00
1510 2.175638e+01 9.468448e+00 4.290917e+00
1511 2.212015e+01 9.186710e+00 4.140679e+00
1512 2.212014e+01 9.468469e+00 4.140684e+00
1513 2.027447e+01 8.577498e+00 4.820605e+00
1514 2.064873e+01 8.577514e+00 4.698960e+00
1515 2.102057e+01 8.577532e+00 4.570097e+00
1516 2.138985e+01 8.577550e+00 4.434060e+00
1517 2.175643e+01 8.577569e+00 4.290901e+00
1518 2.212016e+01 8.577589e+00 4.140676e+00
1907 204 467 466 1487 1485 
1908 204 1485 1487 1488 1486 
1909 204 1486 1488 331 332 
1910 204 466 465 1489 1487 
1911 204 1487 1489 1490 1488 
1912 204 1488 1490 330 331 
1913 204 465 464 1491 1489 
1914 204 1489 1491 1492 1490 
1915 204 1490 1492 329 330 
1916 204 464 463 1493 1491 
1917 204 1491 1493 1494 1492 
1918 204 1492 1494 328 329 
1919 204 463 49 470 1493 
1920 204 1493 470 469 1494 
1921 204 1494 469 27 328 
1926 204 317 316 1497 1496 
1927 204 1496 1497 466 467 
1928 204 316 315 1498 1497 
1929 204 1497 1498 465 466 
1930 204 315 314 1499 1498 
1931 204 1498 1499 464 465 
1932 204 314 313 1500 1499 
1933 204 1499 1500 463 464 
1934 204 313 25 471 1500 
1935 204 1500 471 49 463 
1936 204 49 477 1501 470 
1937 204 470 1501 1502 469 
1938 204 469 1502 348 27 
1939 204 477 476 1503 1501 
1940 204 1501 1503 1504 1502 
1941 204 1502 1504 347 348 
1942 204 476 475 1505 1503 
1943 204 1503 1505 1506 1504 
1944 204 1504 1506 346 347 
1945 204 475 474 1507 1505 
1946 204 1505 1507 1508 1506 
1947 204 1506 1508 345 346 
1948 204 474 473 1509 1507 
1949 204 1507 1509 1510 1508 
1950 204 1508 1510 344 345 
1951 204 473 472 1511 1509 
1952 204 1509 1511 1512 1510 
1953 204 1510 1512 343 344 
1954 204 472 34 384 1511 
1955 204 1511 384 383 1512 
1956 204 1512 383 29 343 
1957 204 25 365 1513 471 
1958 204 471 1513 477 49 
1959 204 365 364 1514 1513 
1960 204 1513 1514 476 477 
1961 204 364 363 1515 1514 
1962 204 1514 1515 475 476 
1963 204 363 362 1516 1515 
1964 204 1515 1516 474 475 
1965 204 362 361 1517 1516 
1966 204 1516 1517 473 474 
1967 204 361 360 1518 1517 
1968 204 1517 1518 472 473 
1969 204 360 31 393 1518 
1970 204 1518 393 34 472 
