42 30
4 5.692856e+00 8.250283e+00 3.904516e+00
6 5.692856e+00 9.750283e+00 3.904516e+00
37 5.692856e+00 8.905008e+00 3.904516e+00
38 5.379307e+00 8.901343e+00 3.757661e+00
39 5.379260e+00 9.750304e+00 3.754986e+00
40 3.908818e+00 9.750399e+00 3.086152e+00
41 3.908818e+00 8.905008e+00 3.086152e+00
42 5.377264e+00 8.250303e+00 3.759749e+00
43 3.908818e+00 8.250399e+00 3.086152e+00
401 5.692856e+00 9.186766e+00 3.904516e+00
402 5.692856e+00 9.468525e+00 3.904516e+00
403 5.379275e+00 9.467317e+00 3.755877e+00
404 5.379291e+00 9.184330e+00 3.756769e+00
405 5.085171e+00 9.750323e+00 3.621219e+00
406 4.791083e+00 9.750342e+00 3.487452e+00
407 4.496995e+00 9.750361e+00 3.353685e+00
408 4.202906e+00 9.750380e+00 3.219918e+00
409 3.908818e+00 9.468602e+00 3.086152e+00
410 3.908818e+00 9.186805e+00 3.086152e+00
411 4.202916e+00 8.904275e+00 3.220453e+00
412 4.497013e+00 8.903542e+00 3.354755e+00
413 4.791111e+00 8.902809e+00 3.489057e+00
414 5.085209e+00 8.902076e+00 3.623359e+00
415 5.692856e+00 8.577645e+00 3.904516e+00
416 5.378285e+00 8.575823e+00 3.758705e+00
417 3.908818e+00 8.577703e+00 3.086152e+00
418 4.202507e+00 8.250380e+00 3.220871e+00
419 4.496196e+00 8.250361e+00 3.355591e+00
420 4.789886e+00 8.250341e+00 3.490310e+00
421 5.083575e+00 8.250322e+00 3.625030e+00
1393 5.085184e+00 9.467574e+00 3.621932e+00
1394 5.085196e+00 9.184825e+00 3.622646e+00
1395 4.791092e+00 9.467831e+00 3.487987e+00
1396 4.791102e+00 9.185320e+00 3.488522e+00
1397 4.497001e+00 9.468088e+00 3.354042e+00
1398 4.497007e+00 9.185815e+00 3.354399e+00
1399 4.202909e+00 9.468345e+00 3.220097e+00
1400 4.202913e+00 9.186310e+00 3.220275e+00
1401 5.084392e+00 8.576199e+00 3.624194e+00
1402 4.790498e+00 8.576575e+00 3.489684e+00
1403 4.496605e+00 8.576951e+00 3.355173e+00
1404 4.202711e+00 8.577327e+00 3.220662e+00
1716 204 37 401 404 38 
1717 204 401 402 403 404 
1718 204 402 6 39 403 
1719 204 39 405 1393 403 
1720 204 403 1393 1394 404 
1721 204 404 1394 414 38 
1722 204 405 406 1395 1393 
1723 204 1393 1395 1396 1394 
1724 204 1394 1396 413 414 
1725 204 406 407 1397 1395 
1726 204 1395 1397 1398 1396 
1727 204 1396 1398 412 413 
1728 204 407 408 1399 1397 
1729 204 1397 1399 1400 1398 
1730 204 1398 1400 411 412 
1731 204 408 40 409 1399 
1732 204 1399 409 410 1400 
1733 204 1400 410 41 411 
1734 204 4 415 416 42 
1735 204 415 37 38 416 
1736 204 38 414 1401 416 
1737 204 416 1401 421 42 
1738 204 414 413 1402 1401 
1739 204 1401 1402 420 421 
1740 204 413 412 1403 1402 
1741 204 1402 1403 419 420 
1742 204 412 411 1404 1403 
1743 204 1403 1404 418 419 
1744 204 411 41 417 1404 
1745 204 1404 417 43 418 
