48 35
29 2.248093e+01 9.750248e+00 3.983446e+00
31 2.248093e+01 8.250248e+00 3.983446e+00
33 2.475033e+01 9.750385e+00 2.968158e+00
34 2.248093e+01 8.904973e+00 3.983446e+00
35 2.475033e+01 8.905110e+00 2.968158e+00
36 2.475033e+01 8.250385e+00 2.968158e+00
377 2.442613e+01 9.750366e+00 3.113199e+00
378 2.410193e+01 9.750346e+00 3.258240e+00
379 2.377773e+01 9.750327e+00 3.403281e+00
380 2.345353e+01 9.750307e+00 3.548323e+00
381 2.312933e+01 9.750287e+00 3.693364e+00
382 2.280513e+01 9.750268e+00 3.838405e+00
383 2.248093e+01 9.468490e+00 3.983446e+00
384 2.248093e+01 9.186732e+00 3.983446e+00
385 2.280513e+01 8.904993e+00 3.838405e+00
386 2.312933e+01 8.905012e+00 3.693364e+00
387 2.345353e+01 8.905032e+00 3.548323e+00
388 2.377773e+01 8.905052e+00 3.403281e+00
389 2.410193e+01 8.905071e+00 3.258240e+00
390 2.442613e+01 8.905091e+00 3.113199e+00
391 2.475033e+01 9.186869e+00 2.968158e+00
392 2.475033e+01 9.468627e+00 2.968158e+00
393 2.248093e+01 8.577611e+00 3.983446e+00
394 2.280513e+01 8.250268e+00 3.838405e+00
395 2.312933e+01 8.250287e+00 3.693364e+00
396 2.345353e+01 8.250307e+00 3.548323e+00
397 2.377773e+01 8.250327e+00 3.403281e+00
398 2.410193e+01 8.250346e+00 3.258240e+00
399 2.442613e+01 8.250366e+00 3.113199e+00
400 2.475033e+01 8.577748e+00 2.968158e+00
1375 2.442613e+01 9.468607e+00 3.113199e+00
1376 2.442613e+01 9.186849e+00 3.113199e+00
1377 2.410193e+01 9.468588e+00 3.258240e+00
1378 2.410193e+01 9.186830e+00 3.258240e+00
1379 2.377773e+01 9.468568e+00 3.403281e+00
1380 2.377773e+01 9.186810e+00 3.403281e+00
1381 2.345353e+01 9.468549e+00 3.548323e+00
1382 2.345353e+01 9.186790e+00 3.548323e+00
1383 2.312933e+01 9.468529e+00 3.693364e+00
1384 2.312933e+01 9.186771e+00 3.693364e+00
1385 2.280513e+01 9.468509e+00 3.838405e+00
1386 2.280513e+01 9.186751e+00 3.838405e+00
1387 2.280513e+01 8.577630e+00 3.838405e+00
1388 2.312933e+01 8.577650e+00 3.693364e+00
1389 2.345353e+01 8.577670e+00 3.548323e+00
1390 2.377773e+01 8.577689e+00 3.403281e+00
1391 2.410193e+01 8.577709e+00 3.258240e+00
1392 2.442613e+01 8.577728e+00 3.113199e+00
1681 204 33 377 1375 392 
1682 204 392 1375 1376 391 
1683 204 391 1376 390 35 
1684 204 377 378 1377 1375 
1685 204 1375 1377 1378 1376 
1686 204 1376 1378 389 390 
1687 204 378 379 1379 1377 
1688 204 1377 1379 1380 1378 
1689 204 1378 1380 388 389 
1690 204 379 380 1381 1379 
1691 204 1379 1381 1382 1380 
1692 204 1380 1382 387 388 
1693 204 380 381 1383 1381 
1694 204 1381 1383 1384 1382 
1695 204 1382 1384 386 387 
1696 204 381 382 1385 1383 
1697 204 1383 1385 1386 1384 
1698 204 1384 1386 385 386 
1699 204 382 29 383 1385 
1700 204 1385 383 384 1386 
1701 204 1386 384 34 385 
1702 204 34 393 1387 385 
1703 204 385 1387 1388 386 
1704 204 386 1388 1389 387 
1705 204 387 1389 1390 388 
1706 204 388 1390 1391 389 
1707 204 389 1391 1392 390 
1708 204 390 1392 400 35 
1709 204 393 31 394 1387 
1710 204 1387 394 395 1388 
1711 204 1388 395 396 1389 
1712 204 1389 396 397 1390 
1713 204 1390 397 398 1391 
1714 204 1391 398 399 1392 
1715 204 1392 399 36 400 
