427 360
1 5.731035e+00 8.249982e+00 6.084451e+00
2 6.595518e+00 8.249989e+00 6.061520e+00
7 6.595575e+00 9.749983e+00 6.064943e+00
8 5.730407e+00 9.749982e+00 6.079878e+00
10 7.384822e+00 8.249990e+00 6.048035e+00
12 7.384878e+00 9.749983e+00 6.051318e+00
14 1.107907e+01 9.749987e+00 5.987549e+00
16 1.107902e+01 8.249995e+00 5.984920e+00
18 1.424386e+01 8.249999e+00 5.930850e+00
20 1.424389e+01 9.749990e+00 5.932918e+00
22 1.741005e+01 8.250003e+00 5.876757e+00
24 1.741007e+01 9.749993e+00 5.878263e+00
26 2.022455e+01 8.250006e+00 5.828672e+00
28 2.022457e+01 9.749995e+00 5.829679e+00
30 2.307493e+01 9.749996e+00 5.784022e+00
32 2.307493e+01 8.250008e+00 5.783908e+00
50 3.660667e+00 8.905009e+00 6.111109e+00
51 3.660666e+00 8.249981e+00 6.111019e+00
52 3.908020e+00 8.905008e+00 6.114177e+00
53 3.905968e+00 8.249979e+00 6.116415e+00
54 3.660668e+00 9.749981e+00 6.111226e+00
55 3.910668e+00 9.749980e+00 6.111290e+00
56 3.660668e+00 9.999980e+00 6.111261e+00
57 3.910596e+00 9.999981e+00 6.107048e+00
58 5.154743e+00 8.249981e+00 6.094544e+00
59 5.156786e+00 8.901021e+00 6.092456e+00
60 5.156739e+00 9.749981e+00 6.089781e+00
61 5.156676e+00 9.999982e+00 6.086046e+00
62 5.730763e+00 8.899188e+00 6.082472e+00
63 5.730348e+00 9.999982e+00 6.076377e+00
64 6.595530e+00 8.899488e+00 6.062259e+00
65 6.595522e+00 9.999983e+00 6.061795e+00
66 7.384846e+00 8.899487e+00 6.049457e+00
67 7.384830e+00 9.999984e+00 6.048492e+00
68 1.107904e+01 8.899490e+00 5.986059e+00
69 1.107905e+01 9.999987e+00 5.986227e+00
70 1.424387e+01 8.899493e+00 5.931745e+00
71 1.424389e+01 9.999990e+00 5.932885e+00
72 1.741006e+01 8.899495e+00 5.877409e+00
73 1.741009e+01 9.999993e+00 5.879520e+00
74 2.022456e+01 8.899498e+00 5.829108e+00
75 2.022461e+01 9.999996e+00 5.832082e+00
76 2.307493e+01 8.899504e+00 5.783958e+00
77 2.307493e+01 9.999998e+00 5.784041e+00
78 2.475000e+01 8.250012e+00 5.751356e+00
79 2.475000e+01 8.899508e+00 5.751445e+00
80 2.475000e+01 9.750000e+00 5.751561e+00
81 2.475007e+01 1.000000e+01 5.755808e+00
82 2.500000e+01 8.899508e+00 5.751445e+00
83 2.500000e+01 9.750000e+00 5.751561e+00
84 2.500000e+01 1.000000e+01 5.751595e+00
85 2.500000e+01 8.250012e+00 5.751356e+00
183 6.019196e+00 8.249984e+00 6.076807e+00
184 6.307357e+00 8.249987e+00 6.069164e+00
204 6.307186e+00 9.749982e+00 6.069922e+00
205 6.018797e+00 9.749982e+00 6.074900e+00
215 6.990170e+00 8.249989e+00 6.054777e+00
220 6.990226e+00 9.749983e+00 6.058131e+00
230 7.754297e+00 9.749984e+00 6.044942e+00
231 8.123716e+00 9.749984e+00 6.038565e+00
232 8.493135e+00 9.749984e+00 6.032188e+00
233 8.862554e+00 9.749985e+00 6.025811e+00
234 9.231973e+00 9.749985e+00 6.019434e+00
235 9.601392e+00 9.749985e+00 6.013057e+00
236 9.970811e+00 9.749986e+00 6.006680e+00
237 1.034023e+01 9.749986e+00 6.000303e+00
238 1.070965e+01 9.749986e+00 5.993926e+00
248 7.754243e+00 8.249990e+00 6.041723e+00
249 8.123663e+00 8.249991e+00 6.035412e+00
250 8.493083e+00 8.249991e+00 6.029101e+00
251 8.862503e+00 8.249992e+00 6.022789e+00
252 9.231924e+00 8.249992e+00 6.016478e+00
253 9.601344e+00 8.249993e+00 6.010166e+00
254 9.970764e+00 8.249993e+00 6.003855e+00
255 1.034018e+01 8.249994e+00 5.997543e+00
256 1.070960e+01 8.249994e+00 5.991232e+00
264 1.384825e+01 8.249998e+00 5.937609e+00
265 1.345265e+01 8.249998e+00 5.944368e+00
266 1.305705e+01 8.249997e+00 5.951127e+00
267 1.266144e+01 8.249997e+00 5.957885e+00
268 1.226584e+01 8.249996e+00 5.964644e+00
269 1.187023e+01 8.249996e+00 5.971403e+00
270 1.147463e+01 8.249995e+00 5.978162e+00
278 1.147467e+01 9.749987e+00 5.980720e+00
279 1.187027e+01 9.749988e+00 5.973891e+00
280 1.226588e+01 9.749988e+00 5.967062e+00
281 1.266148e+01 9.749988e+00 5.960234e+00
282 1.305708e+01 9.749989e+00 5.953405e+00
283 1.345269e+01 9.749989e+00 5.946576e+00
284 1.384829e+01 9.749989e+00 5.939747e+00
292 1.701427e+01 8.250002e+00 5.883518e+00
293 1.661850e+01 8.250002e+00 5.890280e+00
294 1.622273e+01 8.250001e+00 5.897042e+00
295 1.582695e+01 8.250001e+00 5.903803e+00
296 1.543118e+01 8.250000e+00 5.910565e+00
297 1.503540e+01 8.250000e+00 5.917327e+00
298 1.463963e+01 8.249999e+00 5.924088e+00
306 1.463966e+01 9.749990e+00 5.926086e+00
307 1.503544e+01 9.749991e+00 5.919254e+00
308 1.543121e+01 9.749991e+00 5.912422e+00
309 1.582698e+01 9.749991e+00 5.905591e+00
310 1.622275e+01 9.749992e+00 5.898759e+00
311 1.661853e+01 9.749992e+00 5.891927e+00
312 1.701430e+01 9.749992e+00 5.885095e+00
321 1.987274e+01 8.250006e+00 5.834682e+00
322 1.952093e+01 8.250005e+00 5.840693e+00
323 1.916911e+01 8.250005e+00 5.846704e+00
324 1.881730e+01 8.250004e+00 5.852714e+00
325 1.846549e+01 8.250004e+00 5.858725e+00
326 1.811367e+01 8.250003e+00 5.864735e+00
327 1.776186e+01 8.250003e+00 5.870746e+00
336 1.776188e+01 9.749993e+00 5.872190e+00
337 1.811370e+01 9.749993e+00 5.866117e+00
338 1.846551e+01 9.749994e+00 5.860044e+00
339 1.881732e+01 9.749994e+00 5.853971e+00
340 1.916913e+01 9.749994e+00 5.847898e+00
341 1.952094e+01 9.749995e+00 5.841825e+00
342 1.987276e+01 9.749995e+00 5.835752e+00
353 2.058086e+01 9.749995e+00 5.823972e+00
354 2.093716e+01 9.749995e+00 5.818265e+00
355 2.129346e+01 9.749996e+00 5.812558e+00
356 2.164975e+01 9.749996e+00 5.806851e+00
357 2.200605e+01 9.749996e+00 5.801144e+00
358 2.236234e+01 9.749996e+00 5.795437e+00
359 2.271864e+01 9.749996e+00 5.789730e+00
370 2.058085e+01 8.250006e+00 5.823076e+00
371 2.093715e+01 8.250007e+00 5.817481e+00
372 2.129345e+01 8.250007e+00 5.811885e+00
373 2.164974e+01 8.250007e+00 5.806290e+00
374 2.200604e+01 8.250007e+00 5.800695e+00
375 2.236234e+01 8.250008e+00 5.795099e+00
376 2.271864e+01 8.250008e+00 5.789504e+00
478 3.660666e+00 8.577495e+00 6.111064e+00
479 3.906994e+00 8.577494e+00 6.115296e+00
480 3.660667e+00 9.468323e+00 6.111187e+00
481 3.660667e+00 9.186666e+00 6.111148e+00
482 3.908903e+00 9.186665e+00 6.113215e+00
483 3.909786e+00 9.468323e+00 6.112253e+00
484 4.218162e+00 8.249980e+00 6.110947e+00
485 4.530356e+00 8.249980e+00 6.105479e+00
486 4.842549e+00 8.249980e+00 6.100012e+00
487 5.155765e+00 8.575501e+00 6.093500e+00
488 4.844594e+00 8.902018e+00 6.097886e+00
489 4.532403e+00 8.903014e+00 6.103316e+00
490 4.220212e+00 8.904011e+00 6.108747e+00
491 5.156770e+00 9.184008e+00 6.091564e+00
492 5.156754e+00 9.466994e+00 6.090672e+00
493 4.845221e+00 9.749981e+00 6.095158e+00
494 4.533703e+00 9.749981e+00 6.100536e+00
495 4.222186e+00 9.749980e+00 6.105913e+00
496 4.845156e+00 9.999982e+00 6.091297e+00
497 4.533636e+00 9.999981e+00 6.096547e+00
498 4.222116e+00 9.999981e+00 6.101798e+00
499 5.443775e+00 8.900104e+00 6.087464e+00
500 5.730899e+00 8.574585e+00 6.083461e+00
501 5.442889e+00 8.249981e+00 6.089497e+00
502 5.443573e+00 9.749982e+00 6.084829e+00
503 5.730645e+00 9.182786e+00 6.081607e+00
504 5.730526e+00 9.466384e+00 6.080743e+00
505 5.443512e+00 9.999982e+00 6.081212e+00
506 6.595524e+00 8.574739e+00 6.061889e+00
507 6.307274e+00 8.899388e+00 6.068996e+00
508 6.019019e+00 8.899288e+00 6.075734e+00
509 6.595545e+00 9.182986e+00 6.063154e+00
510 6.595560e+00 9.466485e+00 6.064049e+00
511 6.307131e+00 9.999983e+00 6.066656e+00
512 6.018739e+00 9.999983e+00 6.071516e+00
513 7.384834e+00 8.574739e+00 6.048746e+00
514 6.990188e+00 8.899488e+00 6.055858e+00
515 7.384857e+00 9.182986e+00 6.050077e+00
516 7.384867e+00 9.466485e+00 6.050698e+00
517 6.990176e+00 9.999984e+00 6.055143e+00
518 1.107903e+01 8.574742e+00 5.985490e+00
519 1.070962e+01 8.899490e+00 5.992399e+00
520 1.034020e+01 8.899490e+00 5.998738e+00
521 9.970784e+00 8.899489e+00 6.005078e+00
522 9.601365e+00 8.899489e+00 6.011418e+00
523 9.231945e+00 8.899489e+00 6.017758e+00
524 8.862525e+00 8.899488e+00 6.024097e+00
525 8.493106e+00 8.899488e+00 6.030437e+00
526 8.123686e+00 8.899488e+00 6.036777e+00
527 7.754266e+00 8.899488e+00 6.043117e+00
528 1.107905e+01 9.182989e+00 5.986556e+00
529 1.107906e+01 9.466488e+00 5.987052e+00
530 1.070962e+01 9.999987e+00 5.992454e+00
531 1.034020e+01 9.999987e+00 5.998680e+00
532 9.970781e+00 9.999986e+00 6.004906e+00
533 9.601360e+00 9.999986e+00 6.011133e+00
534 9.231938e+00 9.999986e+00 6.017359e+00
535 8.862516e+00 9.999985e+00 6.023586e+00
536 8.493095e+00 9.999985e+00 6.029812e+00
537 8.123673e+00 9.999985e+00 6.036039e+00
538 7.754251e+00 9.999984e+00 6.042265e+00
539 1.424386e+01 8.574746e+00 5.931298e+00
540 1.384827e+01 8.899492e+00 5.938535e+00
541 1.345267e+01 8.899492e+00 5.945324e+00
542 1.305706e+01 8.899492e+00 5.952113e+00
543 1.266146e+01 8.899491e+00 5.958902e+00
544 1.226585e+01 8.899491e+00 5.965691e+00
545 1.187025e+01 8.899491e+00 5.972480e+00
546 1.147465e+01 8.899490e+00 5.979270e+00
547 1.424388e+01 9.182992e+00 5.932136e+00
548 1.424389e+01 9.466491e+00 5.932527e+00
549 1.384829e+01 9.999990e+00 5.939553e+00
550 1.345268e+01 9.999989e+00 5.946221e+00
551 1.305707e+01 9.999989e+00 5.952888e+00
552 1.266147e+01 9.999989e+00 5.959556e+00
553 1.226586e+01 9.999988e+00 5.966224e+00
554 1.187026e+01 9.999988e+00 5.972892e+00
555 1.147465e+01 9.999988e+00 5.979559e+00
556 1.741005e+01 8.574749e+00 5.877083e+00
557 1.701428e+01 8.899495e+00 5.884201e+00
558 1.661851e+01 8.899495e+00 5.890993e+00
559 1.622274e+01 8.899494e+00 5.897785e+00
560 1.582696e+01 8.899494e+00 5.904577e+00
561 1.543119e+01 8.899494e+00 5.911369e+00
562 1.503542e+01 8.899493e+00 5.918161e+00
563 1.463965e+01 8.899493e+00 5.924953e+00
564 1.741006e+01 9.182994e+00 5.877694e+00
565 1.741007e+01 9.466494e+00 5.877978e+00
566 1.701432e+01 9.999993e+00 5.886191e+00
567 1.661854e+01 9.999992e+00 5.892861e+00
568 1.622277e+01 9.999992e+00 5.899532e+00
569 1.582699e+01 9.999992e+00 5.906202e+00
570 1.543122e+01 9.999991e+00 5.912873e+00
571 1.503544e+01 9.999991e+00 5.919544e+00
572 1.463967e+01 9.999991e+00 5.926214e+00
573 2.022456e+01 8.574752e+00 5.828890e+00
574 1.987275e+01 8.899497e+00 5.835146e+00
575 1.952093e+01 8.899497e+00 5.841183e+00
576 1.916912e+01 8.899497e+00 5.847221e+00
577 1.881731e+01 8.899496e+00 5.853258e+00
578 1.846550e+01 8.899496e+00 5.859296e+00
579 1.811368e+01 8.899496e+00 5.865334e+00
580 1.776187e+01 8.899496e+00 5.871371e+00
581 2.022456e+01 9.182997e+00 5.829298e+00
582 2.022457e+01 9.466496e+00 5.829489e+00
583 1.987280e+01 9.999995e+00 5.838012e+00
584 1.952098e+01 9.999995e+00 5.843942e+00
585 1.916917e+01 9.999995e+00 5.849872e+00
586 1.881735e+01 9.999994e+00 5.855801e+00
587 1.846554e+01 9.999994e+00 5.861731e+00
588 1.811372e+01 9.999994e+00 5.867661e+00
589 1.776191e+01 9.999993e+00 5.873590e+00
590 2.307493e+01 8.574756e+00 5.783933e+00
591 2.271864e+01 8.899503e+00 5.789601e+00
592 2.236234e+01 8.899502e+00 5.795245e+00
593 2.200604e+01 8.899502e+00 5.800889e+00
594 2.164975e+01 8.899501e+00 5.806533e+00
595 2.129345e+01 8.899500e+00 5.812177e+00
596 2.093715e+01 8.899499e+00 5.817820e+00
597 2.058086e+01 8.899498e+00 5.823464e+00
598 2.307493e+01 9.183001e+00 5.783979e+00
599 2.307493e+01 9.466499e+00 5.784001e+00
600 2.271864e+01 9.999998e+00 5.790047e+00
601 2.236235e+01 9.999998e+00 5.796052e+00
602 2.200606e+01 9.999997e+00 5.802057e+00
603 2.164977e+01 9.999997e+00 5.808062e+00
604 2.129348e+01 9.999997e+00 5.814067e+00
605 2.093719e+01 9.999996e+00 5.820072e+00
606 2.058090e+01 9.999996e+00 5.826077e+00
607 2.340995e+01 8.250009e+00 5.777398e+00
608 2.374496e+01 8.250010e+00 5.770887e+00
609 2.407997e+01 8.250010e+00 5.764377e+00
610 2.441499e+01 8.250011e+00 5.757866e+00
611 2.475000e+01 8.574760e+00 5.751400e+00
612 2.441499e+01 8.899508e+00 5.757947e+00
613 2.407997e+01 8.899507e+00 5.764450e+00
614 2.374496e+01 8.899506e+00 5.770952e+00
615 2.340995e+01 8.899505e+00 5.777455e+00
616 2.475000e+01 9.183006e+00 5.751483e+00
617 2.475000e+01 9.466503e+00 5.751522e+00
618 2.441499e+01 9.749999e+00 5.758053e+00
619 2.407997e+01 9.749998e+00 5.764546e+00
620 2.374496e+01 9.749997e+00 5.771038e+00
621 2.340995e+01 9.749997e+00 5.777530e+00
622 2.441504e+01 9.999999e+00 5.761454e+00
623 2.408002e+01 9.999999e+00 5.767101e+00
624 2.374499e+01 9.999999e+00 5.772748e+00
625 2.340996e+01 9.999999e+00 5.778395e+00
626 2.500000e+01 9.183006e+00 5.751483e+00
627 2.500000e+01 9.466503e+00 5.751522e+00
628 2.500000e+01 8.574760e+00 5.751400e+00
1519 4.219187e+00 8.576995e+00 6.109847e+00
1520 4.531379e+00 8.576497e+00 6.104398e+00
1521 4.843572e+00 8.575999e+00 6.098949e+00
1522 4.220870e+00 9.186001e+00 6.107802e+00
1523 4.221528e+00 9.467991e+00 6.106858e+00
1524 4.532837e+00 9.185336e+00 6.102389e+00
1525 4.533270e+00 9.467659e+00 6.101462e+00
1526 4.844803e+00 9.184672e+00 6.096977e+00
1527 4.845012e+00 9.467327e+00 6.096067e+00
1528 5.443332e+00 8.575043e+00 6.088481e+00
1529 5.443640e+00 9.466689e+00 6.085707e+00
1530 5.443707e+00 9.183397e+00 6.086586e+00
1531 6.019107e+00 8.574636e+00 6.076271e+00
1532 6.307316e+00 8.574687e+00 6.069080e+00
1533 6.018945e+00 9.182853e+00 6.075456e+00
1534 6.018871e+00 9.466417e+00 6.075178e+00
1535 6.307245e+00 9.182920e+00 6.069305e+00
1536 6.307215e+00 9.466451e+00 6.069613e+00
1537 6.990179e+00 8.574739e+00 6.055318e+00
1538 6.990214e+00 9.466485e+00 6.057373e+00
1539 6.990201e+00 9.182986e+00 6.056615e+00
1540 7.754254e+00 8.574739e+00 6.042420e+00
1541 8.123674e+00 8.574739e+00 6.036095e+00
1542 8.493094e+00 8.574740e+00 6.029769e+00
1543 8.862514e+00 8.574740e+00 6.023443e+00
1544 9.231934e+00 8.574740e+00 6.017118e+00
1545 9.601354e+00 8.574741e+00 6.010792e+00
1546 9.970774e+00 8.574741e+00 6.004466e+00
1547 1.034019e+01 8.574742e+00 5.998141e+00
1548 1.070961e+01 8.574742e+00 5.991815e+00
1549 7.754276e+00 9.182986e+00 6.043725e+00
1550 7.754287e+00 9.466485e+00 6.044333e+00
1551 8.123696e+00 9.182987e+00 6.037373e+00
1552 8.123706e+00 9.466485e+00 6.037969e+00
1553 8.493115e+00 9.182987e+00 6.031021e+00
1554 8.493125e+00 9.466486e+00 6.031604e+00
1555 8.862535e+00 9.182987e+00 6.024669e+00
1556 8.862544e+00 9.466486e+00 6.025240e+00
1557 9.231954e+00 9.182987e+00 6.018316e+00
1558 9.231964e+00 9.466486e+00 6.018875e+00
1559 9.601374e+00 9.182988e+00 6.011964e+00
1560 9.601383e+00 9.466487e+00 6.012511e+00
1561 9.970793e+00 9.182988e+00 6.005612e+00
1562 9.970802e+00 9.466487e+00 6.006146e+00
1563 1.034021e+01 9.182988e+00 5.999260e+00
1564 1.034022e+01 9.466487e+00 5.999781e+00
1565 1.070963e+01 9.182989e+00 5.992908e+00
1566 1.070964e+01 9.466488e+00 5.993417e+00
1567 1.147464e+01 8.574743e+00 5.978716e+00
1568 1.187024e+01 8.574743e+00 5.971942e+00
1569 1.226585e+01 8.574744e+00 5.965168e+00
1570 1.266145e+01 8.574744e+00 5.958394e+00
1571 1.305705e+01 8.574744e+00 5.951620e+00
1572 1.345266e+01 8.574745e+00 5.944846e+00
1573 1.384826e+01 8.574745e+00 5.938072e+00
1574 1.147466e+01 9.182989e+00 5.979753e+00
1575 1.147466e+01 9.466488e+00 5.980237e+00
1576 1.187026e+01 9.182990e+00 5.972951e+00
1577 1.187027e+01 9.466489e+00 5.973421e+00
1578 1.226586e+01 9.182990e+00 5.966148e+00
1579 1.226587e+01 9.466489e+00 5.966605e+00
1580 1.266147e+01 9.182990e+00 5.959346e+00
1581 1.266147e+01 9.466489e+00 5.959790e+00
1582 1.305707e+01 9.182991e+00 5.952543e+00
1583 1.305708e+01 9.466490e+00 5.952974e+00
1584 1.345267e+01 9.182991e+00 5.945741e+00
1585 1.345268e+01 9.466490e+00 5.946158e+00
1586 1.384828e+01 9.182991e+00 5.938939e+00
1587 1.384828e+01 9.466490e+00 5.939343e+00
1588 1.463964e+01 8.574746e+00 5.924521e+00
1589 1.503541e+01 8.574746e+00 5.917744e+00
1590 1.543119e+01 8.574747e+00 5.910967e+00
1591 1.582696e+01 8.574747e+00 5.904190e+00
1592 1.622273e+01 8.574748e+00 5.897413e+00
1593 1.661851e+01 8.574748e+00 5.890637e+00
1594 1.701428e+01 8.574749e+00 5.883860e+00
1595 1.463965e+01 9.182992e+00 5.925331e+00
1596 1.463966e+01 9.466491e+00 5.925708e+00
1597 1.503542e+01 9.182992e+00 5.918526e+00
1598 1.503543e+01 9.466491e+00 5.918890e+00
1599 1.543120e+01 9.182993e+00 5.911720e+00
1600 1.543120e+01 9.466492e+00 5.912071e+00
1601 1.582697e+01 9.182993e+00 5.904915e+00
1602 1.582698e+01 9.466492e+00 5.905253e+00
1603 1.622274e+01 9.182993e+00 5.898110e+00
1604 1.622275e+01 9.466493e+00 5.898434e+00
1605 1.661852e+01 9.182994e+00 5.891304e+00
1606 1.661852e+01 9.466493e+00 5.891616e+00
1607 1.701429e+01 9.182994e+00 5.884499e+00
1608 1.701429e+01 9.466493e+00 5.884797e+00
1609 1.776187e+01 8.574749e+00 5.871059e+00
1610 1.811368e+01 8.574750e+00 5.865035e+00
1611 1.846549e+01 8.574750e+00 5.859010e+00
1612 1.881730e+01 8.574750e+00 5.852986e+00
1613 1.916912e+01 8.574751e+00 5.846962e+00
1614 1.952093e+01 8.574751e+00 5.840938e+00
1615 1.987274e+01 8.574752e+00 5.834914e+00
1616 1.776187e+01 9.182995e+00 5.871644e+00
1617 1.776188e+01 9.466494e+00 5.871917e+00
1618 1.811369e+01 9.182995e+00 5.865595e+00
1619 1.811369e+01 9.466494e+00 5.865856e+00
1620 1.846550e+01 9.182995e+00 5.859545e+00
1621 1.846550e+01 9.466495e+00 5.859795e+00
1622 1.881731e+01 9.182996e+00 5.853496e+00
1623 1.881732e+01 9.466495e+00 5.853734e+00
1624 1.916913e+01 9.182996e+00 5.847447e+00
1625 1.916913e+01 9.466495e+00 5.847672e+00
1626 1.952094e+01 9.182996e+00 5.841397e+00
1627 1.952094e+01 9.466496e+00 5.841611e+00
1628 1.987275e+01 9.182997e+00 5.835348e+00
1629 1.987275e+01 9.466496e+00 5.835550e+00
1630 2.058085e+01 8.574752e+00 5.823270e+00
1631 2.093715e+01 8.574753e+00 5.817651e+00
1632 2.129345e+01 8.574753e+00 5.812031e+00
1633 2.164975e+01 8.574754e+00 5.806411e+00
1634 2.200604e+01 8.574754e+00 5.800792e+00
1635 2.236234e+01 8.574755e+00 5.795172e+00
1636 2.271864e+01 8.574756e+00 5.789553e+00
1637 2.058086e+01 9.182997e+00 5.823633e+00
1638 2.058086e+01 9.466496e+00 5.823803e+00
1639 2.093716e+01 9.182998e+00 5.817969e+00
1640 2.093716e+01 9.466497e+00 5.818117e+00
1641 2.129345e+01 9.182999e+00 5.812304e+00
1642 2.129345e+01 9.466497e+00 5.812431e+00
1643 2.164975e+01 9.182999e+00 5.806639e+00
1644 2.164975e+01 9.466497e+00 5.806745e+00
1645 2.200604e+01 9.183000e+00 5.800974e+00
1646 2.200605e+01 9.466498e+00 5.801059e+00
1647 2.236234e+01 9.183000e+00 5.795309e+00
1648 2.236234e+01 9.466498e+00 5.795373e+00
1649 2.271864e+01 9.183001e+00 5.789644e+00
1650 2.271864e+01 9.466498e+00 5.789687e+00
1651 2.340995e+01 8.574757e+00 5.777426e+00
1652 2.374496e+01 8.574758e+00 5.770920e+00
1653 2.407997e+01 8.574759e+00 5.764413e+00
1654 2.441499e+01 8.574759e+00 5.757907e+00
1655 2.340995e+01 9.183002e+00 5.777480e+00
1656 2.340995e+01 9.466499e+00 5.777505e+00
1657 2.374496e+01 9.183003e+00 5.770981e+00
1658 2.374496e+01 9.466500e+00 5.771009e+00
1659 2.407997e+01 9.183004e+00 5.764482e+00
1660 2.407997e+01 9.466501e+00 5.764514e+00
1661 2.441499e+01 9.183005e+00 5.757983e+00
1662 2.441499e+01 9.466502e+00 5.758018e+00
1971 204 50 478 479 52 
1972 204 478 51 53 479 
1973 204 54 480 483 55 
1974 204 480 481 482 483 
1975 204 481 50 52 482 
1976 204 54 55 57 56 
1977 204 53 484 1519 479 
1978 204 479 1519 490 52 
1979 204 484 485 1520 1519 
1980 204 1519 1520 489 490 
1981 204 485 486 1521 1520 
1982 204 1520 1521 488 489 
1983 204 486 58 487 1521 
1984 204 1521 487 59 488 
1985 204 52 490 1522 482 
1986 204 482 1522 1523 483 
1987 204 483 1523 495 55 
1988 204 490 489 1524 1522 
1989 204 1522 1524 1525 1523 
1990 204 1523 1525 494 495 
1991 204 489 488 1526 1524 
1992 204 1524 1526 1527 1525 
1993 204 1525 1527 493 494 
1994 204 488 59 491 1526 
1995 204 1526 491 492 1527 
1996 204 1527 492 60 493 
1997 204 57 55 495 498 
1998 204 498 495 494 497 
1999 204 497 494 493 496 
2000 204 496 493 60 61 
2001 204 62 499 1528 500 
2002 204 500 1528 501 1 
2003 204 499 59 487 1528 
2004 204 1528 487 58 501 
2005 204 60 492 1529 502 
2006 204 502 1529 504 8 
2007 204 492 491 1530 1529 
2008 204 1529 1530 503 504 
2009 204 491 59 499 1530 
2010 204 1530 499 62 503 
2011 204 60 502 505 61 
2012 204 502 8 63 505 
2013 204 62 500 1531 508 
2014 204 508 1531 1532 507 
2015 204 507 1532 506 64 
2016 204 500 1 183 1531 
2017 204 1531 183 184 1532 
2018 204 1532 184 2 506 
2019 204 62 508 1533 503 
2020 204 503 1533 1534 504 
2021 204 504 1534 205 8 
2022 204 508 507 1535 1533 
2023 204 1533 1535 1536 1534 
2024 204 1534 1536 204 205 
2025 204 507 64 509 1535 
2026 204 1535 509 510 1536 
2027 204 1536 510 7 204 
2028 204 8 205 512 63 
2029 204 205 204 511 512 
2030 204 204 7 65 511 
2031 204 2 215 1537 506 
2032 204 506 1537 514 64 
2033 204 215 10 513 1537 
2034 204 1537 513 66 514 
2035 204 7 510 1538 220 
2036 204 220 1538 516 12 
2037 204 510 509 1539 1538 
2038 204 1538 1539 515 516 
2039 204 509 64 514 1539 
2040 204 1539 514 66 515 
2041 204 7 220 517 65 
2042 204 220 12 67 517 
2043 204 10 248 1540 513 
2044 204 513 1540 527 66 
2045 204 248 249 1541 1540 
2046 204 1540 1541 526 527 
2047 204 249 250 1542 1541 
2048 204 1541 1542 525 526 
2049 204 250 251 1543 1542 
2050 204 1542 1543 524 525 
2051 204 251 252 1544 1543 
2052 204 1543 1544 523 524 
2053 204 252 253 1545 1544 
2054 204 1544 1545 522 523 
2055 204 253 254 1546 1545 
2056 204 1545 1546 521 522 
2057 204 254 255 1547 1546 
2058 204 1546 1547 520 521 
2059 204 255 256 1548 1547 
2060 204 1547 1548 519 520 
2061 204 256 16 518 1548 
2062 204 1548 518 68 519 
2063 204 66 527 1549 515 
2064 204 515 1549 1550 516 
2065 204 516 1550 230 12 
2066 204 527 526 1551 1549 
2067 204 1549 1551 1552 1550 
2068 204 1550 1552 231 230 
2069 204 526 525 1553 1551 
2070 204 1551 1553 1554 1552 
2071 204 1552 1554 232 231 
2072 204 525 524 1555 1553 
2073 204 1553 1555 1556 1554 
2074 204 1554 1556 233 232 
2075 204 524 523 1557 1555 
2076 204 1555 1557 1558 1556 
2077 204 1556 1558 234 233 
2078 204 523 522 1559 1557 
2079 204 1557 1559 1560 1558 
2080 204 1558 1560 235 234 
2081 204 522 521 1561 1559 
2082 204 1559 1561 1562 1560 
2083 204 1560 1562 236 235 
2084 204 521 520 1563 1561 
2085 204 1561 1563 1564 1562 
2086 204 1562 1564 237 236 
2087 204 520 519 1565 1563 
2088 204 1563 1565 1566 1564 
2089 204 1564 1566 238 237 
2090 204 519 68 528 1565 
2091 204 1565 528 529 1566 
2092 204 1566 529 14 238 
2093 204 12 230 538 67 
2094 204 230 231 537 538 
2095 204 231 232 536 537 
2096 204 232 233 535 536 
2097 204 233 234 534 535 
2098 204 234 235 533 534 
2099 204 235 236 532 533 
2100 204 236 237 531 532 
2101 204 237 238 530 531 
2102 204 238 14 69 530 
2103 204 16 270 1567 518 
2104 204 518 1567 546 68 
2105 204 270 269 1568 1567 
2106 204 1567 1568 545 546 
2107 204 269 268 1569 1568 
2108 204 1568 1569 544 545 
2109 204 268 267 1570 1569 
2110 204 1569 1570 543 544 
2111 204 267 266 1571 1570 
2112 204 1570 1571 542 543 
2113 204 266 265 1572 1571 
2114 204 1571 1572 541 542 
2115 204 265 264 1573 1572 
2116 204 1572 1573 540 541 
2117 204 264 18 539 1573 
2118 204 1573 539 70 540 
2119 204 68 546 1574 528 
2120 204 528 1574 1575 529 
2121 204 529 1575 278 14 
2122 204 546 545 1576 1574 
2123 204 1574 1576 1577 1575 
2124 204 1575 1577 279 278 
2125 204 545 544 1578 1576 
2126 204 1576 1578 1579 1577 
2127 204 1577 1579 280 279 
2128 204 544 543 1580 1578 
2129 204 1578 1580 1581 1579 
2130 204 1579 1581 281 280 
2131 204 543 542 1582 1580 
2132 204 1580 1582 1583 1581 
2133 204 1581 1583 282 281 
2134 204 542 541 1584 1582 
2135 204 1582 1584 1585 1583 
2136 204 1583 1585 283 282 
2137 204 541 540 1586 1584 
2138 204 1584 1586 1587 1585 
2139 204 1585 1587 284 283 
2140 204 540 70 547 1586 
2141 204 1586 547 548 1587 
2142 204 1587 548 20 284 
2143 204 14 278 555 69 
2144 204 278 279 554 555 
2145 204 279 280 553 554 
2146 204 280 281 552 553 
2147 204 281 282 551 552 
2148 204 282 283 550 551 
2149 204 283 284 549 550 
2150 204 284 20 71 549 
2151 204 70 539 1588 563 
2152 204 563 1588 1589 562 
2153 204 562 1589 1590 561 
2154 204 561 1590 1591 560 
2155 204 560 1591 1592 559 
2156 204 559 1592 1593 558 
2157 204 558 1593 1594 557 
2158 204 557 1594 556 72 
2159 204 539 18 298 1588 
2160 204 1588 298 297 1589 
2161 204 1589 297 296 1590 
2162 204 1590 296 295 1591 
2163 204 1591 295 294 1592 
2164 204 1592 294 293 1593 
2165 204 1593 293 292 1594 
2166 204 1594 292 22 556 
2167 204 70 563 1595 547 
2168 204 547 1595 1596 548 
2169 204 548 1596 306 20 
2170 204 563 562 1597 1595 
2171 204 1595 1597 1598 1596 
2172 204 1596 1598 307 306 
2173 204 562 561 1599 1597 
2174 204 1597 1599 1600 1598 
2175 204 1598 1600 308 307 
2176 204 561 560 1601 1599 
2177 204 1599 1601 1602 1600 
2178 204 1600 1602 309 308 
2179 204 560 559 1603 1601 
2180 204 1601 1603 1604 1602 
2181 204 1602 1604 310 309 
2182 204 559 558 1605 1603 
2183 204 1603 1605 1606 1604 
2184 204 1604 1606 311 310 
2185 204 558 557 1607 1605 
2186 204 1605 1607 1608 1606 
2187 204 1606 1608 312 311 
2188 204 557 72 564 1607 
2189 204 1607 564 565 1608 
2190 204 1608 565 24 312 
2191 204 20 306 572 71 
2192 204 306 307 571 572 
2193 204 307 308 570 571 
2194 204 308 309 569 570 
2195 204 309 310 568 569 
2196 204 310 311 567 568 
2197 204 311 312 566 567 
2198 204 312 24 73 566 
2199 204 22 327 1609 556 
2200 204 556 1609 580 72 
2201 204 327 326 1610 1609 
2202 204 1609 1610 579 580 
2203 204 326 325 1611 1610 
2204 204 1610 1611 578 579 
2205 204 325 324 1612 1611 
2206 204 1611 1612 577 578 
2207 204 324 323 1613 1612 
2208 204 1612 1613 576 577 
2209 204 323 322 1614 1613 
2210 204 1613 1614 575 576 
2211 204 322 321 1615 1614 
2212 204 1614 1615 574 575 
2213 204 321 26 573 1615 
2214 204 1615 573 74 574 
2215 204 72 580 1616 564 
2216 204 564 1616 1617 565 
2217 204 565 1617 336 24 
2218 204 580 579 1618 1616 
2219 204 1616 1618 1619 1617 
2220 204 1617 1619 337 336 
2221 204 579 578 1620 1618 
2222 204 1618 1620 1621 1619 
2223 204 1619 1621 338 337 
2224 204 578 577 1622 1620 
2225 204 1620 1622 1623 1621 
2226 204 1621 1623 339 338 
2227 204 577 576 1624 1622 
2228 204 1622 1624 1625 1623 
2229 204 1623 1625 340 339 
2230 204 576 575 1626 1624 
2231 204 1624 1626 1627 1625 
2232 204 1625 1627 341 340 
2233 204 575 574 1628 1626 
2234 204 1626 1628 1629 1627 
2235 204 1627 1629 342 341 
2236 204 574 74 581 1628 
2237 204 1628 581 582 1629 
2238 204 1629 582 28 342 
2239 204 24 336 589 73 
2240 204 336 337 588 589 
2241 204 337 338 587 588 
2242 204 338 339 586 587 
2243 204 339 340 585 586 
2244 204 340 341 584 585 
2245 204 341 342 583 584 
2246 204 342 28 75 583 
2247 204 26 370 1630 573 
2248 204 573 1630 597 74 
2249 204 370 371 1631 1630 
2250 204 1630 1631 596 597 
2251 204 371 372 1632 1631 
2252 204 1631 1632 595 596 
2253 204 372 373 1633 1632 
2254 204 1632 1633 594 595 
2255 204 373 374 1634 1633 
2256 204 1633 1634 593 594 
2257 204 374 375 1635 1634 
2258 204 1634 1635 592 593 
2259 204 375 376 1636 1635 
2260 204 1635 1636 591 592 
2261 204 376 32 590 1636 
2262 204 1636 590 76 591 
2263 204 74 597 1637 581 
2264 204 581 1637 1638 582 
2265 204 582 1638 353 28 
2266 204 597 596 1639 1637 
2267 204 1637 1639 1640 1638 
2268 204 1638 1640 354 353 
2269 204 596 595 1641 1639 
2270 204 1639 1641 1642 1640 
2271 204 1640 1642 355 354 
2272 204 595 594 1643 1641 
2273 204 1641 1643 1644 1642 
2274 204 1642 1644 356 355 
2275 204 594 593 1645 1643 
2276 204 1643 1645 1646 1644 
2277 204 1644 1646 357 356 
2278 204 593 592 1647 1645 
2279 204 1645 1647 1648 1646 
2280 204 1646 1648 358 357 
2281 204 592 591 1649 1647 
2282 204 1647 1649 1650 1648 
2283 204 1648 1650 359 358 
2284 204 591 76 598 1649 
2285 204 1649 598 599 1650 
2286 204 1650 599 30 359 
2287 204 28 353 606 75 
2288 204 353 354 605 606 
2289 204 354 355 604 605 
2290 204 355 356 603 604 
2291 204 356 357 602 603 
2292 204 357 358 601 602 
2293 204 358 359 600 601 
2294 204 359 30 77 600 
2295 204 32 607 1651 590 
2296 204 590 1651 615 76 
2297 204 607 608 1652 1651 
2298 204 1651 1652 614 615 
2299 204 608 609 1653 1652 
2300 204 1652 1653 613 614 
2301 204 609 610 1654 1653 
2302 204 1653 1654 612 613 
2303 204 610 78 611 1654 
2304 204 1654 611 79 612 
2305 204 76 615 1655 598 
2306 204 598 1655 1656 599 
2307 204 599 1656 621 30 
2308 204 615 614 1657 1655 
2309 204 1655 1657 1658 1656 
2310 204 1656 1658 620 621 
2311 204 614 613 1659 1657 
2312 204 1657 1659 1660 1658 
2313 204 1658 1660 619 620 
2314 204 613 612 1661 1659 
2315 204 1659 1661 1662 1660 
2316 204 1660 1662 618 619 
2317 204 612 79 616 1661 
2318 204 1661 616 617 1662 
2319 204 1662 617 80 618 
2320 204 30 621 625 77 
2321 204 621 620 624 625 
2322 204 620 619 623 624 
2323 204 619 618 622 623 
2324 204 618 80 81 622 
2325 204 79 82 626 616 
2326 204 616 626 627 617 
2327 204 617 627 83 80 
2328 204 81 80 83 84 
2329 204 78 85 628 611 
2330 204 611 628 82 79 
