54 40
143 2.475063e+01 9.750740e+00 4.025564e-01
145 2.475063e+01 8.905110e+00 4.025564e-01
147 2.475063e+01 8.250740e+00 4.025564e-01
150 2.174315e+01 9.750745e+00 4.022003e-01
153 2.174315e+01 8.905110e+00 4.022003e-01
155 2.174315e+01 8.250745e+00 4.022003e-01
992 2.475063e+01 9.468864e+00 4.025564e-01
993 2.475063e+01 9.186987e+00 4.025564e-01
996 2.475063e+01 8.577925e+00 4.025564e-01
998 2.211909e+01 9.750744e+00 4.022448e-01
999 2.249502e+01 9.750744e+00 4.022893e-01
1000 2.287096e+01 9.750743e+00 4.023338e-01
1001 2.324689e+01 9.750742e+00 4.023783e-01
1002 2.362283e+01 9.750742e+00 4.024229e-01
1003 2.399876e+01 9.750741e+00 4.024674e-01
1004 2.437470e+01 9.750741e+00 4.025119e-01
1014 2.174315e+01 9.468867e+00 4.022003e-01
1015 2.174315e+01 9.186988e+00 4.022003e-01
1016 2.211909e+01 8.905110e+00 4.022448e-01
1017 2.249502e+01 8.905110e+00 4.022893e-01
1018 2.287096e+01 8.905110e+00 4.023338e-01
1019 2.324689e+01 8.905110e+00 4.023783e-01
1020 2.362283e+01 8.905110e+00 4.024229e-01
1021 2.399876e+01 8.905110e+00 4.024674e-01
1022 2.437470e+01 8.905110e+00 4.025119e-01
1026 2.174315e+01 8.577928e+00 4.022003e-01
1029 2.211909e+01 8.250744e+00 4.022448e-01
1030 2.249502e+01 8.250744e+00 4.022893e-01
1031 2.287096e+01 8.250743e+00 4.023338e-01
1032 2.324689e+01 8.250742e+00 4.023783e-01
1033 2.362283e+01 8.250742e+00 4.024229e-01
1034 2.399876e+01 8.250741e+00 4.024674e-01
1035 2.437470e+01 8.250741e+00 4.025119e-01
2203 2.211909e+01 9.186988e+00 4.022448e-01
2204 2.249502e+01 9.186988e+00 4.022893e-01
2205 2.287096e+01 9.186988e+00 4.023338e-01
2206 2.324689e+01 9.186988e+00 4.023783e-01
2207 2.362283e+01 9.186988e+00 4.024229e-01
2208 2.399876e+01 9.186987e+00 4.024674e-01
2209 2.437470e+01 9.186987e+00 4.025119e-01
2210 2.211909e+01 9.468866e+00 4.022448e-01
2211 2.249502e+01 9.468866e+00 4.022893e-01
2212 2.287096e+01 9.468865e+00 4.023338e-01
2213 2.324689e+01 9.468865e+00 4.023783e-01
2214 2.362283e+01 9.468865e+00 4.024229e-01
2215 2.399876e+01 9.468864e+00 4.024674e-01
2216 2.437470e+01 9.468864e+00 4.025119e-01
2220 2.211909e+01 8.577927e+00 4.022448e-01
2221 2.249502e+01 8.577927e+00 4.022893e-01
2222 2.287096e+01 8.577927e+00 4.023338e-01
2223 2.324689e+01 8.577926e+00 4.023783e-01
2224 2.362283e+01 8.577926e+00 4.024229e-01
2225 2.399876e+01 8.577926e+00 4.024674e-01
2226 2.437470e+01 8.577926e+00 4.025119e-01
3333 204 153 1015 2203 1016 
3334 204 1016 2203 2204 1017 
3335 204 1017 2204 2205 1018 
3336 204 1018 2205 2206 1019 
3337 204 1019 2206 2207 1020 
3338 204 1020 2207 2208 1021 
3339 204 1021 2208 2209 1022 
3340 204 1022 2209 993 145 
3341 204 1015 1014 2210 2203 
3342 204 2203 2210 2211 2204 
3343 204 2204 2211 2212 2205 
3344 204 2205 2212 2213 2206 
3345 204 2206 2213 2214 2207 
3346 204 2207 2214 2215 2208 
3347 204 2208 2215 2216 2209 
3348 204 2209 2216 992 993 
3349 204 1014 150 998 2210 
3350 204 2210 998 999 2211 
3351 204 2211 999 1000 2212 
3352 204 2212 1000 1001 2213 
3353 204 2213 1001 1002 2214 
3354 204 2214 1002 1003 2215 
3355 204 2215 1003 1004 2216 
3356 204 2216 1004 143 992 
3367 204 155 1026 2220 1029 
3368 204 1029 2220 2221 1030 
3369 204 1030 2221 2222 1031 
3370 204 1031 2222 2223 1032 
3371 204 1032 2223 2224 1033 
3372 204 1033 2224 2225 1034 
3373 204 1034 2225 2226 1035 
3374 204 1035 2226 996 147 
3375 204 1026 153 1016 2220 
3376 204 2220 1016 1017 2221 
3377 204 2221 1017 1018 2222 
3378 204 2222 1018 1019 2223 
3379 204 2223 1019 1020 2224 
3380 204 2224 1020 1021 2225 
3381 204 2225 1021 1022 2226 
3382 204 2226 1022 145 996 
