48 35
33 2.475033e+01 9.750385e+00 2.968158e+00
35 2.475033e+01 8.905110e+00 2.968158e+00
36 2.475033e+01 8.250385e+00 2.968158e+00
143 2.475063e+01 9.750740e+00 4.025564e-01
145 2.475063e+01 8.905110e+00 4.025564e-01
147 2.475063e+01 8.250740e+00 4.025564e-01
391 2.475033e+01 9.186869e+00 2.968158e+00
392 2.475033e+01 9.468627e+00 2.968158e+00
400 2.475033e+01 8.577748e+00 2.968158e+00
992 2.475063e+01 9.468864e+00 4.025564e-01
993 2.475063e+01 9.186987e+00 4.025564e-01
996 2.475063e+01 8.577925e+00 4.025564e-01
1107 2.475059e+01 8.250690e+00 7.690709e-01
1108 2.475055e+01 8.250639e+00 1.135585e+00
1109 2.475050e+01 8.250588e+00 1.502100e+00
1110 2.475046e+01 8.250537e+00 1.868614e+00
1111 2.475042e+01 8.250487e+00 2.235129e+00
1112 2.475037e+01 8.250436e+00 2.601643e+00
1113 2.475037e+01 8.905110e+00 2.601643e+00
1114 2.475042e+01 8.905110e+00 2.235129e+00
1115 2.475046e+01 8.905110e+00 1.868614e+00
1116 2.475050e+01 8.905110e+00 1.502100e+00
1117 2.475055e+01 8.905110e+00 1.135585e+00
1118 2.475059e+01 8.905110e+00 7.690709e-01
1119 2.475037e+01 9.750436e+00 2.601643e+00
1120 2.475042e+01 9.750487e+00 2.235129e+00
1121 2.475046e+01 9.750537e+00 1.868614e+00
1122 2.475050e+01 9.750588e+00 1.502100e+00
1123 2.475055e+01 9.750639e+00 1.135585e+00
1124 2.475059e+01 9.750690e+00 7.690709e-01
2332 2.475059e+01 8.577900e+00 7.690709e-01
2333 2.475055e+01 8.577875e+00 1.135585e+00
2334 2.475050e+01 8.577849e+00 1.502100e+00
2335 2.475046e+01 8.577824e+00 1.868614e+00
2336 2.475042e+01 8.577799e+00 2.235129e+00
2337 2.475037e+01 8.577773e+00 2.601643e+00
2338 2.475059e+01 9.186970e+00 7.690709e-01
2339 2.475059e+01 9.468830e+00 7.690709e-01
2340 2.475055e+01 9.186953e+00 1.135585e+00
2341 2.475055e+01 9.468796e+00 1.135585e+00
2342 2.475050e+01 9.186936e+00 1.502100e+00
2343 2.475050e+01 9.468762e+00 1.502100e+00
2344 2.475046e+01 9.186919e+00 1.868614e+00
2345 2.475046e+01 9.468728e+00 1.868614e+00
2346 2.475042e+01 9.186903e+00 2.235129e+00
2347 2.475042e+01 9.468695e+00 2.235129e+00
2348 2.475037e+01 9.186886e+00 2.601643e+00
2349 2.475037e+01 9.468661e+00 2.601643e+00
3553 204 147 1107 2332 996 
3554 204 996 2332 1118 145 
3555 204 1107 1108 2333 2332 
3556 204 2332 2333 1117 1118 
3557 204 1108 1109 2334 2333 
3558 204 2333 2334 1116 1117 
3559 204 1109 1110 2335 2334 
3560 204 2334 2335 1115 1116 
3561 204 1110 1111 2336 2335 
3562 204 2335 2336 1114 1115 
3563 204 1111 1112 2337 2336 
3564 204 2336 2337 1113 1114 
3565 204 1112 36 400 2337 
3566 204 2337 400 35 1113 
3567 204 145 1118 2338 993 
3568 204 993 2338 2339 992 
3569 204 992 2339 1124 143 
3570 204 1118 1117 2340 2338 
3571 204 2338 2340 2341 2339 
3572 204 2339 2341 1123 1124 
3573 204 1117 1116 2342 2340 
3574 204 2340 2342 2343 2341 
3575 204 2341 2343 1122 1123 
3576 204 1116 1115 2344 2342 
3577 204 2342 2344 2345 2343 
3578 204 2343 2345 1121 1122 
3579 204 1115 1114 2346 2344 
3580 204 2344 2346 2347 2345 
3581 204 2345 2347 1120 1121 
3582 204 1114 1113 2348 2346 
3583 204 2346 2348 2349 2347 
3584 204 2347 2349 1119 1120 
3585 204 1113 35 391 2348 
3586 204 2348 391 392 2349 
3587 204 2349 392 33 1119 
