83 66
31 2.248093e+01 8.250248e+00 3.983446e+00
36 2.475033e+01 8.250385e+00 2.968158e+00
147 2.475063e+01 8.250740e+00 4.025564e-01
155 2.174315e+01 8.250745e+00 4.022003e-01
394 2.280513e+01 8.250268e+00 3.838405e+00
395 2.312933e+01 8.250287e+00 3.693364e+00
396 2.345353e+01 8.250307e+00 3.548323e+00
397 2.377773e+01 8.250327e+00 3.403281e+00
398 2.410193e+01 8.250346e+00 3.258240e+00
399 2.442613e+01 8.250366e+00 3.113199e+00
1029 2.211909e+01 8.250744e+00 4.022448e-01
1030 2.249502e+01 8.250744e+00 4.022893e-01
1031 2.287096e+01 8.250743e+00 4.023338e-01
1032 2.324689e+01 8.250742e+00 4.023783e-01
1033 2.362283e+01 8.250742e+00 4.024229e-01
1034 2.399876e+01 8.250741e+00 4.024674e-01
1035 2.437470e+01 8.250741e+00 4.025119e-01
1107 2.475059e+01 8.250690e+00 7.690709e-01
1108 2.475055e+01 8.250639e+00 1.135585e+00
1109 2.475050e+01 8.250588e+00 1.502100e+00
1110 2.475046e+01 8.250537e+00 1.868614e+00
1111 2.475042e+01 8.250487e+00 2.235129e+00
1112 2.475037e+01 8.250436e+00 2.601643e+00
1125 2.181693e+01 8.250695e+00 7.603249e-01
1126 2.189071e+01 8.250645e+00 1.118450e+00
1127 2.196448e+01 8.250596e+00 1.476574e+00
1128 2.203826e+01 8.250546e+00 1.834699e+00
1129 2.211204e+01 8.250496e+00 2.192823e+00
1130 2.218582e+01 8.250447e+00 2.550948e+00
1131 2.225959e+01 8.250397e+00 2.909073e+00
1132 2.233337e+01 8.250347e+00 3.267197e+00
1133 2.240715e+01 8.250298e+00 3.625322e+00
2350 2.441717e+01 8.250420e+00 2.723737e+00
2351 2.440874e+01 8.250473e+00 2.335016e+00
2352 2.440086e+01 8.250527e+00 1.947034e+00
2353 2.439351e+01 8.250581e+00 1.559793e+00
2354 2.438670e+01 8.250634e+00 1.173293e+00
2355 2.438043e+01 8.250688e+00 7.875321e-01
2356 2.408396e+01 8.250403e+00 2.845831e+00
2357 2.406707e+01 8.250460e+00 2.434903e+00
2358 2.405126e+01 8.250517e+00 2.025454e+00
2359 2.403652e+01 8.250573e+00 1.617487e+00
2360 2.402286e+01 8.250629e+00 1.211000e+00
2361 2.401027e+01 8.250686e+00 8.059933e-01
2362 2.375076e+01 8.250387e+00 2.967925e+00
2363 2.372540e+01 8.250447e+00 2.534789e+00
2364 2.370166e+01 8.250506e+00 2.103874e+00
2365 2.367953e+01 8.250566e+00 1.675180e+00
2366 2.365902e+01 8.250625e+00 1.248707e+00
2367 2.364011e+01 8.250683e+00 8.244546e-01
2368 2.341755e+01 8.250370e+00 3.090019e+00
2369 2.338373e+01 8.250433e+00 2.634676e+00
2370 2.335206e+01 8.250496e+00 2.182294e+00
2371 2.332254e+01 8.250558e+00 1.732874e+00
2372 2.329517e+01 8.250620e+00 1.286414e+00
2373 2.326996e+01 8.250681e+00 8.429158e-01
2374 2.308435e+01 8.250354e+00 3.212113e+00
2375 2.304206e+01 8.250420e+00 2.734563e+00
2376 2.300246e+01 8.250486e+00 2.260714e+00
2377 2.296555e+01 8.250551e+00 1.790567e+00
2378 2.293133e+01 8.250615e+00 1.324121e+00
2379 2.289980e+01 8.250679e+00 8.613770e-01
2380 2.275114e+01 8.250338e+00 3.334207e+00
2381 2.270039e+01 8.250407e+00 2.834450e+00
2382 2.265286e+01 8.250475e+00 2.339134e+00
2383 2.260856e+01 8.250543e+00 1.848261e+00
2384 2.256749e+01 8.250611e+00 1.361829e+00
2385 2.252964e+01 8.250677e+00 8.798382e-01
2386 2.258707e+01 8.250307e+00 3.555161e+00
2387 2.251630e+01 8.250370e+00 3.099348e+00
2388 2.244683e+01 8.250433e+00 2.645333e+00
2389 2.237867e+01 8.250496e+00 2.193118e+00
2390 2.231181e+01 8.250558e+00 1.742701e+00
2391 2.224626e+01 8.250621e+00 1.294084e+00
2392 2.218202e+01 8.250682e+00 8.472648e-01
2393 2.243264e+01 8.250352e+00 3.233841e+00
2394 2.236857e+01 8.250401e+00 2.877984e+00
2395 2.230489e+01 8.250450e+00 2.522671e+00
2396 2.224161e+01 8.250500e+00 2.167903e+00
2397 2.217872e+01 8.250549e+00 1.813679e+00
2398 2.211623e+01 8.250598e+00 1.459999e+00
2399 2.205413e+01 8.250647e+00 1.106862e+00
2400 2.199243e+01 8.250696e+00 7.542705e-01
3588 204 36 1112 2350 399 
3589 204 1112 1111 2351 2350 
3590 204 1111 1110 2352 2351 
3591 204 1110 1109 2353 2352 
3592 204 1109 1108 2354 2353 
3593 204 1108 1107 2355 2354 
3594 204 1107 147 1035 2355 
3595 204 399 2350 2356 398 
3596 204 2350 2351 2357 2356 
3597 204 2351 2352 2358 2357 
3598 204 2352 2353 2359 2358 
3599 204 2353 2354 2360 2359 
3600 204 2354 2355 2361 2360 
3601 204 2355 1035 1034 2361 
3602 204 398 2356 2362 397 
3603 204 2356 2357 2363 2362 
3604 204 2357 2358 2364 2363 
3605 204 2358 2359 2365 2364 
3606 204 2359 2360 2366 2365 
3607 204 2360 2361 2367 2366 
3608 204 2361 1034 1033 2367 
3609 204 397 2362 2368 396 
3610 204 2362 2363 2369 2368 
3611 204 2363 2364 2370 2369 
3612 204 2364 2365 2371 2370 
3613 204 2365 2366 2372 2371 
3614 204 2366 2367 2373 2372 
3615 204 2367 1033 1032 2373 
3616 204 396 2368 2374 395 
3617 204 2368 2369 2375 2374 
3618 204 2369 2370 2376 2375 
3619 204 2370 2371 2377 2376 
3620 204 2371 2372 2378 2377 
3621 204 2372 2373 2379 2378 
3622 204 2373 1032 1031 2379 
3623 204 395 2374 2380 394 
3624 204 2374 2375 2381 2380 
3625 204 2375 2376 2382 2381 
3626 204 2376 2377 2383 2382 
3627 204 2377 2378 2384 2383 
3628 204 2378 2379 2385 2384 
3629 204 2379 1031 1030 2385 
3630 204 394 2380 2387 2386 
3631 204 2380 2381 2388 2387 
3632 204 2381 2382 2389 2388 
3633 204 2382 2383 2390 2389 
3634 204 2383 2384 2391 2390 
3635 204 2384 2385 2392 2391 
3636 204 2385 1030 1029 2392 
3637 204 2386 2387 2394 2393 
3638 204 2387 2388 2395 2394 
3639 204 2388 2389 2396 2395 
3640 204 2389 2390 2397 2396 
3641 204 2390 2391 2398 2397 
3642 204 2391 2392 2399 2398 
3643 204 2392 1029 2400 2399 
3644 204 394 2386 1133 31 
3645 204 2386 2393 1132 1133 
3646 204 2393 2394 1131 1132 
3647 204 2394 2395 1130 1131 
3648 204 2395 2396 1129 1130 
3649 204 2396 2397 1128 1129 
3650 204 2397 2398 1127 1128 
3651 204 2398 2399 1126 1127 
3652 204 2399 2400 1125 1126 
3653 204 2400 1029 155 1125 
