69 54
6 5.692856e+00 9.750283e+00 3.904516e+00
39 5.379260e+00 9.750304e+00 3.754986e+00
40 3.908818e+00 9.750399e+00 3.086152e+00
111 3.911344e+00 9.750770e+00 4.000890e-01
113 5.697442e+00 9.750768e+00 4.003005e-01
115 6.461821e+00 9.750767e+00 4.003910e-01
405 5.085171e+00 9.750323e+00 3.621219e+00
406 4.791083e+00 9.750342e+00 3.487452e+00
407 4.496995e+00 9.750361e+00 3.353685e+00
408 4.202906e+00 9.750380e+00 3.219918e+00
786 4.268564e+00 9.750770e+00 4.001313e-01
787 4.625784e+00 9.750769e+00 4.001736e-01
788 4.983003e+00 9.750769e+00 4.002159e-01
789 5.340223e+00 9.750768e+00 4.002582e-01
794 6.079632e+00 9.750767e+00 4.003457e-01
861 3.909179e+00 9.750452e+00 2.702428e+00
862 3.909540e+00 9.750505e+00 2.318705e+00
863 3.909901e+00 9.750558e+00 1.934982e+00
864 3.910262e+00 9.750611e+00 1.551259e+00
865 3.910623e+00 9.750664e+00 1.167535e+00
866 3.910983e+00 9.750717e+00 7.838122e-01
897 6.376381e+00 9.750713e+00 7.897382e-01
898 6.290940e+00 9.750659e+00 1.179085e+00
899 6.205500e+00 9.750605e+00 1.568433e+00
900 6.120059e+00 9.750552e+00 1.957780e+00
901 6.034618e+00 9.750498e+00 2.347127e+00
902 5.949178e+00 9.750444e+00 2.736474e+00
903 5.863737e+00 9.750390e+00 3.125821e+00
904 5.778297e+00 9.750337e+00 3.515168e+00
905 5.662089e+00 9.750716e+00 7.730433e-01
906 5.626735e+00 9.750665e+00 1.145786e+00
907 5.591381e+00 9.750613e+00 1.518529e+00
908 5.556028e+00 9.750562e+00 1.891272e+00
909 5.520674e+00 9.750510e+00 2.264015e+00
910 5.485320e+00 9.750459e+00 2.636757e+00
911 5.449967e+00 9.750407e+00 3.009500e+00
912 5.414613e+00 9.750355e+00 3.382243e+00
2061 4.212286e+00 9.750435e+00 2.817092e+00
2062 4.221666e+00 9.750491e+00 2.414265e+00
2063 4.231045e+00 9.750547e+00 2.011438e+00
2064 4.240425e+00 9.750603e+00 1.608611e+00
2065 4.249805e+00 9.750658e+00 1.205785e+00
2066 4.259184e+00 9.750714e+00 8.029580e-01
2067 4.515393e+00 9.750419e+00 2.931755e+00
2068 4.533791e+00 9.750477e+00 2.509825e+00
2069 4.552190e+00 9.750536e+00 2.087895e+00
2070 4.570588e+00 9.750594e+00 1.665964e+00
2071 4.588987e+00 9.750652e+00 1.244034e+00
2072 4.607385e+00 9.750711e+00 8.221038e-01
2073 4.818500e+00 9.750403e+00 3.046418e+00
2074 4.845917e+00 9.750464e+00 2.605385e+00
2075 4.873334e+00 9.750525e+00 2.164351e+00
2076 4.900752e+00 9.750586e+00 1.723317e+00
2077 4.928169e+00 9.750647e+00 1.282283e+00
2078 4.955586e+00 9.750708e+00 8.412496e-01
2079 5.121607e+00 9.750386e+00 3.161082e+00
2080 5.158043e+00 9.750450e+00 2.700944e+00
2081 5.194479e+00 9.750514e+00 2.240807e+00
2082 5.230915e+00 9.750577e+00 1.780670e+00
2083 5.267351e+00 9.750641e+00 1.320533e+00
2084 5.303787e+00 9.750705e+00 8.603954e-01
2085 5.264062e+00 9.750364e+00 3.322789e+00
2086 5.295908e+00 9.750414e+00 2.957475e+00
2087 5.327754e+00 9.750465e+00 2.592161e+00
2088 5.359601e+00 9.750515e+00 2.226848e+00
2089 5.391447e+00 9.750566e+00 1.861534e+00
2090 5.423293e+00 9.750616e+00 1.496220e+00
2091 5.455140e+00 9.750667e+00 1.130907e+00
2092 5.486986e+00 9.750717e+00 7.655930e-01
3043 204 113 794 897 905 
3044 203 794 115 897 
3045 204 6 39 912 904 
3046 204 904 912 911 903 
3047 204 903 911 910 902 
3048 204 902 910 909 901 
3049 204 901 909 908 900 
3050 204 900 908 907 899 
3051 204 899 907 906 898 
3052 204 898 906 905 897 
3053 204 40 861 2061 408 
3054 204 861 862 2062 2061 
3055 204 862 863 2063 2062 
3056 204 863 864 2064 2063 
3057 204 864 865 2065 2064 
3058 204 865 866 2066 2065 
3059 204 866 111 786 2066 
3060 204 408 2061 2067 407 
3061 204 2061 2062 2068 2067 
3062 204 2062 2063 2069 2068 
3063 204 2063 2064 2070 2069 
3064 204 2064 2065 2071 2070 
3065 204 2065 2066 2072 2071 
3066 204 2066 786 787 2072 
3067 204 407 2067 2073 406 
3068 204 2067 2068 2074 2073 
3069 204 2068 2069 2075 2074 
3070 204 2069 2070 2076 2075 
3071 204 2070 2071 2077 2076 
3072 204 2071 2072 2078 2077 
3073 204 2072 787 788 2078 
3074 204 406 2073 2079 405 
3075 204 2073 2074 2080 2079 
3076 204 2074 2075 2081 2080 
3077 204 2075 2076 2082 2081 
3078 204 2076 2077 2083 2082 
3079 204 2077 2078 2084 2083 
3080 204 2078 788 789 2084 
3081 204 405 2079 2086 2085 
3082 204 2079 2080 2087 2086 
3083 204 2080 2081 2088 2087 
3084 204 2081 2082 2089 2088 
3085 204 2082 2083 2090 2089 
3086 204 2083 2084 2091 2090 
3087 204 2084 789 2092 2091 
3088 204 405 2085 912 39 
3089 204 2085 2086 911 912 
3090 204 2086 2087 910 911 
3091 204 2087 2088 909 910 
3092 204 2088 2089 908 909 
3093 204 2089 2090 907 908 
3094 204 2090 2091 906 907 
3095 204 2091 2092 905 906 
3096 204 2092 789 113 905 
