83 66
29 2.248093e+01 9.750248e+00 3.983446e+00
33 2.475033e+01 9.750385e+00 2.968158e+00
143 2.475063e+01 9.750740e+00 4.025564e-01
150 2.174315e+01 9.750745e+00 4.022003e-01
377 2.442613e+01 9.750366e+00 3.113199e+00
378 2.410193e+01 9.750346e+00 3.258240e+00
379 2.377773e+01 9.750327e+00 3.403281e+00
380 2.345353e+01 9.750307e+00 3.548323e+00
381 2.312933e+01 9.750287e+00 3.693364e+00
382 2.280513e+01 9.750268e+00 3.838405e+00
998 2.211909e+01 9.750744e+00 4.022448e-01
999 2.249502e+01 9.750744e+00 4.022893e-01
1000 2.287096e+01 9.750743e+00 4.023338e-01
1001 2.324689e+01 9.750742e+00 4.023783e-01
1002 2.362283e+01 9.750742e+00 4.024229e-01
1003 2.399876e+01 9.750741e+00 4.024674e-01
1004 2.437470e+01 9.750741e+00 4.025119e-01
1119 2.475037e+01 9.750436e+00 2.601643e+00
1120 2.475042e+01 9.750487e+00 2.235129e+00
1121 2.475046e+01 9.750537e+00 1.868614e+00
1122 2.475050e+01 9.750588e+00 1.502100e+00
1123 2.475055e+01 9.750639e+00 1.135585e+00
1124 2.475059e+01 9.750690e+00 7.690709e-01
1134 2.240715e+01 9.750298e+00 3.625322e+00
1135 2.233337e+01 9.750347e+00 3.267197e+00
1136 2.225959e+01 9.750397e+00 2.909073e+00
1137 2.218582e+01 9.750447e+00 2.550948e+00
1138 2.211204e+01 9.750496e+00 2.192823e+00
1139 2.203826e+01 9.750546e+00 1.834699e+00
1140 2.196448e+01 9.750596e+00 1.476574e+00
1141 2.189071e+01 9.750645e+00 1.118450e+00
1142 2.181693e+01 9.750695e+00 7.603249e-01
2401 2.438043e+01 9.750688e+00 7.875321e-01
2402 2.438670e+01 9.750634e+00 1.173293e+00
2403 2.439351e+01 9.750581e+00 1.559793e+00
2404 2.440086e+01 9.750527e+00 1.947034e+00
2405 2.440874e+01 9.750473e+00 2.335016e+00
2406 2.441717e+01 9.750420e+00 2.723737e+00
2407 2.401027e+01 9.750686e+00 8.059933e-01
2408 2.402286e+01 9.750629e+00 1.211000e+00
2409 2.403652e+01 9.750573e+00 1.617487e+00
2410 2.405126e+01 9.750517e+00 2.025454e+00
2411 2.406707e+01 9.750460e+00 2.434903e+00
2412 2.408396e+01 9.750403e+00 2.845831e+00
2413 2.364011e+01 9.750683e+00 8.244546e-01
2414 2.365902e+01 9.750625e+00 1.248707e+00
2415 2.367953e+01 9.750566e+00 1.675180e+00
2416 2.370166e+01 9.750506e+00 2.103874e+00
2417 2.372540e+01 9.750447e+00 2.534789e+00
2418 2.375076e+01 9.750387e+00 2.967925e+00
2419 2.326996e+01 9.750681e+00 8.429158e-01
2420 2.329517e+01 9.750620e+00 1.286414e+00
2421 2.332254e+01 9.750558e+00 1.732874e+00
2422 2.335206e+01 9.750496e+00 2.182294e+00
2423 2.338373e+01 9.750433e+00 2.634676e+00
2424 2.341755e+01 9.750370e+00 3.090019e+00
2425 2.289980e+01 9.750679e+00 8.613770e-01
2426 2.293133e+01 9.750615e+00 1.324121e+00
2427 2.296555e+01 9.750551e+00 1.790567e+00
2428 2.300246e+01 9.750486e+00 2.260714e+00
2429 2.304206e+01 9.750420e+00 2.734563e+00
2430 2.308435e+01 9.750354e+00 3.212113e+00
2431 2.252964e+01 9.750677e+00 8.798382e-01
2432 2.256749e+01 9.750611e+00 1.361829e+00
2433 2.260856e+01 9.750543e+00 1.848261e+00
2434 2.265286e+01 9.750475e+00 2.339134e+00
2435 2.270039e+01 9.750407e+00 2.834450e+00
2436 2.275114e+01 9.750338e+00 3.334207e+00
2437 2.218202e+01 9.750682e+00 8.472648e-01
2438 2.224626e+01 9.750621e+00 1.294084e+00
2439 2.231181e+01 9.750558e+00 1.742701e+00
2440 2.237867e+01 9.750496e+00 2.193118e+00
2441 2.244683e+01 9.750433e+00 2.645333e+00
2442 2.251630e+01 9.750370e+00 3.099348e+00
2443 2.258707e+01 9.750307e+00 3.555161e+00
2444 2.199243e+01 9.750696e+00 7.542705e-01
2445 2.205413e+01 9.750647e+00 1.106862e+00
2446 2.211623e+01 9.750598e+00 1.459999e+00
2447 2.217872e+01 9.750549e+00 1.813679e+00
2448 2.224161e+01 9.750500e+00 2.167903e+00
2449 2.230489e+01 9.750450e+00 2.522671e+00
2450 2.236857e+01 9.750401e+00 2.877984e+00
2451 2.243264e+01 9.750352e+00 3.233841e+00
3654 204 143 1124 2401 1004 
3655 204 1124 1123 2402 2401 
3656 204 1123 1122 2403 2402 
3657 204 1122 1121 2404 2403 
3658 204 1121 1120 2405 2404 
3659 204 1120 1119 2406 2405 
3660 204 1119 33 377 2406 
3661 204 1004 2401 2407 1003 
3662 204 2401 2402 2408 2407 
3663 204 2402 2403 2409 2408 
3664 204 2403 2404 2410 2409 
3665 204 2404 2405 2411 2410 
3666 204 2405 2406 2412 2411 
3667 204 2406 377 378 2412 
3668 204 1003 2407 2413 1002 
3669 204 2407 2408 2414 2413 
3670 204 2408 2409 2415 2414 
3671 204 2409 2410 2416 2415 
3672 204 2410 2411 2417 2416 
3673 204 2411 2412 2418 2417 
3674 204 2412 378 379 2418 
3675 204 1002 2413 2419 1001 
3676 204 2413 2414 2420 2419 
3677 204 2414 2415 2421 2420 
3678 204 2415 2416 2422 2421 
3679 204 2416 2417 2423 2422 
3680 204 2417 2418 2424 2423 
3681 204 2418 379 380 2424 
3682 204 1001 2419 2425 1000 
3683 204 2419 2420 2426 2425 
3684 204 2420 2421 2427 2426 
3685 204 2421 2422 2428 2427 
3686 204 2422 2423 2429 2428 
3687 204 2423 2424 2430 2429 
3688 204 2424 380 381 2430 
3689 204 1000 2425 2431 999 
3690 204 2425 2426 2432 2431 
3691 204 2426 2427 2433 2432 
3692 204 2427 2428 2434 2433 
3693 204 2428 2429 2435 2434 
3694 204 2429 2430 2436 2435 
3695 204 2430 381 382 2436 
3696 204 999 2431 2437 998 
3697 204 2431 2432 2438 2437 
3698 204 2432 2433 2439 2438 
3699 204 2433 2434 2440 2439 
3700 204 2434 2435 2441 2440 
3701 204 2435 2436 2442 2441 
3702 204 2436 382 2443 2442 
3703 204 998 2437 2445 2444 
3704 204 2437 2438 2446 2445 
3705 204 2438 2439 2447 2446 
3706 204 2439 2440 2448 2447 
3707 204 2440 2441 2449 2448 
3708 204 2441 2442 2450 2449 
3709 204 2442 2443 2451 2450 
3710 204 998 2444 1142 150 
3711 204 2444 2445 1141 1142 
3712 204 2445 2446 1140 1141 
3713 204 2446 2447 1139 1140 
3714 204 2447 2448 1138 1139 
3715 204 2448 2449 1137 1138 
3716 204 2449 2450 1136 1137 
3717 204 2450 2451 1135 1136 
3718 204 2451 2443 1134 1135 
3719 204 2443 382 29 1134 
