48 35
111 3.911344e+00 9.750770e+00 4.000890e-01
113 5.697442e+00 9.750768e+00 4.003005e-01
115 6.461821e+00 9.750767e+00 4.003910e-01
119 3.911344e+00 8.905008e+00 4.000890e-01
121 5.697441e+00 8.905008e+00 4.003005e-01
122 6.461821e+00 8.905008e+00 4.003910e-01
124 3.911344e+00 8.250770e+00 4.000890e-01
125 5.697441e+00 8.250768e+00 4.003005e-01
128 6.461821e+00 8.250767e+00 4.003910e-01
786 4.268564e+00 9.750770e+00 4.001313e-01
787 4.625784e+00 9.750769e+00 4.001736e-01
788 4.983003e+00 9.750769e+00 4.002159e-01
789 5.340223e+00 9.750768e+00 4.002582e-01
794 6.079632e+00 9.750767e+00 4.003457e-01
798 3.911344e+00 9.186929e+00 4.000890e-01
799 3.911344e+00 9.468849e+00 4.000890e-01
803 4.268564e+00 8.905008e+00 4.001313e-01
804 4.625783e+00 8.905008e+00 4.001736e-01
805 4.983002e+00 8.905008e+00 4.002159e-01
806 5.340222e+00 8.905008e+00 4.002582e-01
807 5.697441e+00 9.186928e+00 4.003005e-01
808 5.697442e+00 9.468848e+00 4.003005e-01
809 6.079631e+00 8.905008e+00 4.003457e-01
810 6.461821e+00 9.186927e+00 4.003910e-01
811 6.461821e+00 9.468847e+00 4.003910e-01
815 4.268564e+00 8.250770e+00 4.001313e-01
816 4.625783e+00 8.250769e+00 4.001736e-01
817 4.983002e+00 8.250769e+00 4.002159e-01
818 5.340222e+00 8.250768e+00 4.002582e-01
819 5.697441e+00 8.577888e+00 4.003005e-01
820 3.911344e+00 8.577889e+00 4.000890e-01
827 6.461821e+00 8.577887e+00 4.003910e-01
828 6.079631e+00 8.250767e+00 4.003457e-01
1948 4.268564e+00 9.186929e+00 4.001313e-01
1949 4.625783e+00 9.186928e+00 4.001736e-01
1950 4.983003e+00 9.186928e+00 4.002159e-01
1951 5.340222e+00 9.186928e+00 4.002582e-01
1952 4.268564e+00 9.468849e+00 4.001313e-01
1953 4.625783e+00 9.468849e+00 4.001736e-01
1954 4.983003e+00 9.468848e+00 4.002159e-01
1955 5.340222e+00 9.468848e+00 4.002582e-01
1956 6.079631e+00 9.186928e+00 4.003457e-01
1957 6.079632e+00 9.468847e+00 4.003457e-01
1960 5.340222e+00 8.577888e+00 4.002582e-01
1961 4.983002e+00 8.577888e+00 4.002159e-01
1962 4.625783e+00 8.577889e+00 4.001736e-01
1963 4.268564e+00 8.577889e+00 4.001313e-01
1966 6.079631e+00 8.577887e+00 4.003457e-01
2805 204 119 798 1948 803 
2806 204 803 1948 1949 804 
2807 204 804 1949 1950 805 
2808 204 805 1950 1951 806 
2809 204 806 1951 807 121 
2810 204 798 799 1952 1948 
2811 204 1948 1952 1953 1949 
2812 204 1949 1953 1954 1950 
2813 204 1950 1954 1955 1951 
2814 204 1951 1955 808 807 
2815 204 799 111 786 1952 
2816 204 1952 786 787 1953 
2817 204 1953 787 788 1954 
2818 204 1954 788 789 1955 
2819 204 1955 789 113 808 
2820 204 121 807 1956 809 
2821 204 809 1956 810 122 
2822 204 807 808 1957 1956 
2823 204 1956 1957 811 810 
2824 204 808 113 794 1957 
2825 204 1957 794 115 811 
2832 204 125 818 1960 819 
2833 204 819 1960 806 121 
2834 204 818 817 1961 1960 
2835 204 1960 1961 805 806 
2836 204 817 816 1962 1961 
2837 204 1961 1962 804 805 
2838 204 816 815 1963 1962 
2839 204 1962 1963 803 804 
2840 204 815 124 820 1963 
2841 204 1963 820 119 803 
2852 204 128 828 1966 827 
2853 204 827 1966 809 122 
2854 204 828 125 819 1966 
2855 204 1966 819 121 809 
