48 35
40 3.908818e+00 9.750399e+00 3.086152e+00
41 3.908818e+00 8.905008e+00 3.086152e+00
43 3.908818e+00 8.250399e+00 3.086152e+00
111 3.911344e+00 9.750770e+00 4.000890e-01
119 3.911344e+00 8.905008e+00 4.000890e-01
124 3.911344e+00 8.250770e+00 4.000890e-01
409 3.908818e+00 9.468602e+00 3.086152e+00
410 3.908818e+00 9.186805e+00 3.086152e+00
417 3.908818e+00 8.577703e+00 3.086152e+00
798 3.911344e+00 9.186929e+00 4.000890e-01
799 3.911344e+00 9.468849e+00 4.000890e-01
820 3.911344e+00 8.577889e+00 4.000890e-01
855 3.910983e+00 8.905008e+00 7.838122e-01
856 3.910623e+00 8.905008e+00 1.167535e+00
857 3.910262e+00 8.905008e+00 1.551259e+00
858 3.909901e+00 8.905008e+00 1.934982e+00
859 3.909540e+00 8.905008e+00 2.318705e+00
860 3.909179e+00 8.905008e+00 2.702428e+00
861 3.909179e+00 9.750452e+00 2.702428e+00
862 3.909540e+00 9.750505e+00 2.318705e+00
863 3.909901e+00 9.750558e+00 1.934982e+00
864 3.910262e+00 9.750611e+00 1.551259e+00
865 3.910623e+00 9.750664e+00 1.167535e+00
866 3.910983e+00 9.750717e+00 7.838122e-01
867 3.910983e+00 8.250717e+00 7.838122e-01
868 3.910623e+00 8.250664e+00 1.167535e+00
869 3.910262e+00 8.250611e+00 1.551259e+00
870 3.909901e+00 8.250558e+00 1.934982e+00
871 3.909540e+00 8.250505e+00 2.318705e+00
872 3.909179e+00 8.250452e+00 2.702428e+00
1987 3.910983e+00 9.186911e+00 7.838122e-01
1988 3.910623e+00 9.186893e+00 1.167535e+00
1989 3.910262e+00 9.186876e+00 1.551259e+00
1990 3.909901e+00 9.186858e+00 1.934982e+00
1991 3.909540e+00 9.186840e+00 2.318705e+00
1992 3.909179e+00 9.186823e+00 2.702428e+00
1993 3.910983e+00 9.468814e+00 7.838122e-01
1994 3.910623e+00 9.468779e+00 1.167535e+00
1995 3.910262e+00 9.468743e+00 1.551259e+00
1996 3.909901e+00 9.468708e+00 1.934982e+00
1997 3.909540e+00 9.468672e+00 2.318705e+00
1998 3.909179e+00 9.468637e+00 2.702428e+00
1999 3.910983e+00 8.577863e+00 7.838122e-01
2000 3.910623e+00 8.577836e+00 1.167535e+00
2001 3.910262e+00 8.577809e+00 1.551259e+00
2002 3.909901e+00 8.577783e+00 1.934982e+00
2003 3.909540e+00 8.577756e+00 2.318705e+00
2004 3.909179e+00 8.577730e+00 2.702428e+00
2909 204 119 798 1987 855 
2910 204 855 1987 1988 856 
2911 204 856 1988 1989 857 
2912 204 857 1989 1990 858 
2913 204 858 1990 1991 859 
2914 204 859 1991 1992 860 
2915 204 860 1992 410 41 
2916 204 798 799 1993 1987 
2917 204 1987 1993 1994 1988 
2918 204 1988 1994 1995 1989 
2919 204 1989 1995 1996 1990 
2920 204 1990 1996 1997 1991 
2921 204 1991 1997 1998 1992 
2922 204 1992 1998 409 410 
2923 204 799 111 866 1993 
2924 204 1993 866 865 1994 
2925 204 1994 865 864 1995 
2926 204 1995 864 863 1996 
2927 204 1996 863 862 1997 
2928 204 1997 862 861 1998 
2929 204 1998 861 40 409 
2930 204 124 820 1999 867 
2931 204 867 1999 2000 868 
2932 204 868 2000 2001 869 
2933 204 869 2001 2002 870 
2934 204 870 2002 2003 871 
2935 204 871 2003 2004 872 
2936 204 872 2004 417 43 
2937 204 820 119 855 1999 
2938 204 1999 855 856 2000 
2939 204 2000 856 857 2001 
2940 204 2001 857 858 2002 
2941 204 2002 858 859 2003 
2942 204 2003 859 860 2004 
2943 204 2004 860 41 417 
