60 45
4 5.692856e+00 8.250283e+00 3.904516e+00
6 5.692856e+00 9.750283e+00 3.904516e+00
37 5.692856e+00 8.905008e+00 3.904516e+00
115 6.461821e+00 9.750767e+00 4.003910e-01
122 6.461821e+00 8.905008e+00 4.003910e-01
128 6.461821e+00 8.250767e+00 4.003910e-01
401 5.692856e+00 9.186766e+00 3.904516e+00
402 5.692856e+00 9.468525e+00 3.904516e+00
415 5.692856e+00 8.577645e+00 3.904516e+00
810 6.461821e+00 9.186927e+00 4.003910e-01
811 6.461821e+00 9.468847e+00 4.003910e-01
827 6.461821e+00 8.577887e+00 4.003910e-01
881 6.376381e+00 8.250713e+00 7.897382e-01
882 6.290940e+00 8.250659e+00 1.179085e+00
883 6.205500e+00 8.250605e+00 1.568433e+00
884 6.120059e+00 8.250552e+00 1.957780e+00
885 6.034618e+00 8.250498e+00 2.347127e+00
886 5.949178e+00 8.250444e+00 2.736474e+00
887 5.863737e+00 8.250390e+00 3.125821e+00
888 5.778297e+00 8.250337e+00 3.515168e+00
889 6.376381e+00 8.905008e+00 7.897382e-01
890 6.290940e+00 8.905008e+00 1.179085e+00
891 6.205500e+00 8.905008e+00 1.568433e+00
892 6.120059e+00 8.905008e+00 1.957780e+00
893 6.034618e+00 8.905008e+00 2.347127e+00
894 5.949178e+00 8.905008e+00 2.736474e+00
895 5.863737e+00 8.905008e+00 3.125821e+00
896 5.778297e+00 8.905008e+00 3.515168e+00
897 6.376381e+00 9.750713e+00 7.897382e-01
898 6.290940e+00 9.750659e+00 1.179085e+00
899 6.205500e+00 9.750605e+00 1.568433e+00
900 6.120059e+00 9.750552e+00 1.957780e+00
901 6.034618e+00 9.750498e+00 2.347127e+00
902 5.949178e+00 9.750444e+00 2.736474e+00
903 5.863737e+00 9.750390e+00 3.125821e+00
904 5.778297e+00 9.750337e+00 3.515168e+00
2037 6.376381e+00 8.577860e+00 7.897382e-01
2038 6.290940e+00 8.577833e+00 1.179085e+00
2039 6.205500e+00 8.577807e+00 1.568433e+00
2040 6.120059e+00 8.577780e+00 1.957780e+00
2041 6.034618e+00 8.577753e+00 2.347127e+00
2042 5.949178e+00 8.577726e+00 2.736474e+00
2043 5.863737e+00 8.577699e+00 3.125821e+00
2044 5.778297e+00 8.577672e+00 3.515168e+00
2045 6.376381e+00 9.468811e+00 7.897382e-01
2046 6.290940e+00 9.468775e+00 1.179085e+00
2047 6.205500e+00 9.468740e+00 1.568433e+00
2048 6.120059e+00 9.468704e+00 1.957780e+00
2049 6.034618e+00 9.468668e+00 2.347127e+00
2050 5.949178e+00 9.468632e+00 2.736474e+00
2051 5.863737e+00 9.468596e+00 3.125821e+00
2052 5.778297e+00 9.468560e+00 3.515168e+00
2053 6.376381e+00 9.186910e+00 7.897382e-01
2054 6.290940e+00 9.186892e+00 1.179085e+00
2055 6.205500e+00 9.186874e+00 1.568433e+00
2056 6.120059e+00 9.186856e+00 1.957780e+00
2057 6.034618e+00 9.186838e+00 2.347127e+00
2058 5.949178e+00 9.186820e+00 2.736474e+00
2059 5.863737e+00 9.186802e+00 3.125821e+00
2060 5.778297e+00 9.186784e+00 3.515168e+00
2998 204 122 827 2037 889 
2999 204 889 2037 2038 890 
3000 204 890 2038 2039 891 
3001 204 891 2039 2040 892 
3002 204 892 2040 2041 893 
3003 204 893 2041 2042 894 
3004 204 894 2042 2043 895 
3005 204 895 2043 2044 896 
3006 204 896 2044 415 37 
3007 204 827 128 881 2037 
3008 204 2037 881 882 2038 
3009 204 2038 882 883 2039 
3010 204 2039 883 884 2040 
3011 204 2040 884 885 2041 
3012 204 2041 885 886 2042 
3013 204 2042 886 887 2043 
3014 204 2043 887 888 2044 
3015 204 2044 888 4 415 
3016 204 115 811 2045 897 
3017 204 897 2045 2046 898 
3018 204 898 2046 2047 899 
3019 204 899 2047 2048 900 
3020 204 900 2048 2049 901 
3021 204 901 2049 2050 902 
3022 204 902 2050 2051 903 
3023 204 903 2051 2052 904 
3024 204 904 2052 402 6 
3025 204 811 810 2053 2045 
3026 204 2045 2053 2054 2046 
3027 204 2046 2054 2055 2047 
3028 204 2047 2055 2056 2048 
3029 204 2048 2056 2057 2049 
3030 204 2049 2057 2058 2050 
3031 204 2050 2058 2059 2051 
3032 204 2051 2059 2060 2052 
3033 204 2052 2060 401 402 
3034 204 810 122 889 2053 
3035 204 2053 889 890 2054 
3036 204 2054 890 891 2055 
3037 204 2055 891 892 2056 
3038 204 2056 892 893 2057 
3039 204 2057 893 894 2058 
3040 204 2058 894 895 2059 
3041 204 2059 895 896 2060 
3042 204 2060 896 37 401 
