58 44
42 5.377264e+00 8.250303e+00 3.759749e+00
43 3.908818e+00 8.250399e+00 3.086152e+00
124 3.911344e+00 8.250770e+00 4.000890e-01
125 5.697441e+00 8.250768e+00 4.003005e-01
418 4.202507e+00 8.250380e+00 3.220871e+00
419 4.496196e+00 8.250361e+00 3.355591e+00
420 4.789886e+00 8.250341e+00 3.490310e+00
421 5.083575e+00 8.250322e+00 3.625030e+00
815 4.268564e+00 8.250770e+00 4.001313e-01
816 4.625783e+00 8.250769e+00 4.001736e-01
817 4.983002e+00 8.250769e+00 4.002159e-01
818 5.340222e+00 8.250768e+00 4.002582e-01
867 3.910983e+00 8.250717e+00 7.838122e-01
868 3.910623e+00 8.250664e+00 1.167535e+00
869 3.910262e+00 8.250611e+00 1.551259e+00
870 3.909901e+00 8.250558e+00 1.934982e+00
871 3.909540e+00 8.250505e+00 2.318705e+00
872 3.909179e+00 8.250452e+00 2.702428e+00
873 5.661866e+00 8.250716e+00 7.735726e-01
874 5.626291e+00 8.250664e+00 1.146845e+00
875 5.590715e+00 8.250613e+00 1.520117e+00
876 5.555140e+00 8.250561e+00 1.893389e+00
877 5.519565e+00 8.250510e+00 2.266661e+00
878 5.483990e+00 8.250458e+00 2.639933e+00
879 5.448415e+00 8.250407e+00 3.013205e+00
880 5.412839e+00 8.250355e+00 3.386477e+00
2005 4.259127e+00 8.250714e+00 8.030941e-01
2006 4.249690e+00 8.250658e+00 1.206057e+00
2007 4.240254e+00 8.250602e+00 1.609020e+00
2008 4.230817e+00 8.250547e+00 2.011983e+00
2009 4.221380e+00 8.250491e+00 2.414945e+00
2010 4.211944e+00 8.250435e+00 2.817908e+00
2011 4.607271e+00 8.250711e+00 8.223760e-01
2012 4.588758e+00 8.250652e+00 1.244578e+00
2013 4.570246e+00 8.250594e+00 1.666781e+00
2014 4.551734e+00 8.250536e+00 2.088983e+00
2015 4.533221e+00 8.250477e+00 2.511186e+00
2016 4.514709e+00 8.250419e+00 2.933388e+00
2017 4.955414e+00 8.250708e+00 8.416579e-01
2018 4.927826e+00 8.250647e+00 1.283100e+00
2019 4.900238e+00 8.250586e+00 1.724542e+00
2020 4.872650e+00 8.250525e+00 2.165984e+00
2021 4.845062e+00 8.250463e+00 2.607426e+00
2022 4.817474e+00 8.250402e+00 3.048868e+00
2023 5.303558e+00 8.250704e+00 8.609398e-01
2024 5.266894e+00 8.250641e+00 1.321621e+00
2025 5.230230e+00 8.250577e+00 1.782303e+00
2026 5.193566e+00 8.250513e+00 2.242985e+00
2027 5.156903e+00 8.250450e+00 2.703666e+00
2028 5.120239e+00 8.250386e+00 3.164348e+00
2029 5.486786e+00 8.250717e+00 7.660693e-01
2030 5.454740e+00 8.250667e+00 1.131859e+00
2031 5.422694e+00 8.250616e+00 1.497649e+00
2032 5.390648e+00 8.250566e+00 1.863439e+00
2033 5.358603e+00 8.250515e+00 2.229229e+00
2034 5.326557e+00 8.250465e+00 2.595019e+00
2035 5.294511e+00 8.250414e+00 2.960809e+00
2036 5.262465e+00 8.250363e+00 3.326599e+00
2944 204 124 867 2005 815 
2945 204 867 868 2006 2005 
2946 204 868 869 2007 2006 
2947 204 869 870 2008 2007 
2948 204 870 871 2009 2008 
2949 204 871 872 2010 2009 
2950 204 872 43 418 2010 
2951 204 815 2005 2011 816 
2952 204 2005 2006 2012 2011 
2953 204 2006 2007 2013 2012 
2954 204 2007 2008 2014 2013 
2955 204 2008 2009 2015 2014 
2956 204 2009 2010 2016 2015 
2957 204 2010 418 419 2016 
2958 204 816 2011 2017 817 
2959 204 2011 2012 2018 2017 
2960 204 2012 2013 2019 2018 
2961 204 2013 2014 2020 2019 
2962 204 2014 2015 2021 2020 
2963 204 2015 2016 2022 2021 
2964 204 2016 419 420 2022 
2965 204 817 2017 2023 818 
2966 204 2017 2018 2024 2023 
2967 204 2018 2019 2025 2024 
2968 204 2019 2020 2026 2025 
2969 204 2020 2021 2027 2026 
2970 204 2021 2022 2028 2027 
2971 204 2022 420 421 2028 
2972 204 818 2023 2030 2029 
2973 204 2023 2024 2031 2030 
2974 204 2024 2025 2032 2031 
2975 204 2025 2026 2033 2032 
2976 204 2026 2027 2034 2033 
2977 204 2027 2028 2035 2034 
2978 204 2028 421 2036 2035 
2979 204 818 2029 873 125 
2980 204 2029 2030 874 873 
2981 204 2030 2031 875 874 
2982 204 2031 2032 876 875 
2983 204 2032 2033 877 876 
2984 204 2033 2034 878 877 
2985 204 2034 2035 879 878 
2986 204 2035 2036 880 879 
2987 204 2036 421 42 880 
