42 30
1 5.731035e+00 8.249982e+00 6.084451e+00
8 5.730407e+00 9.749982e+00 6.079878e+00
52 3.908020e+00 8.905008e+00 6.114177e+00
53 3.905968e+00 8.249979e+00 6.116415e+00
55 3.910668e+00 9.749980e+00 6.111290e+00
58 5.154743e+00 8.249981e+00 6.094544e+00
59 5.156786e+00 8.901021e+00 6.092456e+00
60 5.156739e+00 9.749981e+00 6.089781e+00
62 5.730763e+00 8.899188e+00 6.082472e+00
479 3.906994e+00 8.577494e+00 6.115296e+00
482 3.908903e+00 9.186665e+00 6.113215e+00
483 3.909786e+00 9.468323e+00 6.112253e+00
484 4.218162e+00 8.249980e+00 6.110947e+00
485 4.530356e+00 8.249980e+00 6.105479e+00
486 4.842549e+00 8.249980e+00 6.100012e+00
487 5.155765e+00 8.575501e+00 6.093500e+00
488 4.844594e+00 8.902018e+00 6.097886e+00
489 4.532403e+00 8.903014e+00 6.103316e+00
490 4.220212e+00 8.904011e+00 6.108747e+00
491 5.156770e+00 9.184008e+00 6.091564e+00
492 5.156754e+00 9.466994e+00 6.090672e+00
493 4.845221e+00 9.749981e+00 6.095158e+00
494 4.533703e+00 9.749981e+00 6.100536e+00
495 4.222186e+00 9.749980e+00 6.105913e+00
499 5.443775e+00 8.900104e+00 6.087464e+00
500 5.730899e+00 8.574585e+00 6.083461e+00
501 5.442889e+00 8.249981e+00 6.089497e+00
502 5.443573e+00 9.749982e+00 6.084829e+00
503 5.730645e+00 9.182786e+00 6.081607e+00
504 5.730526e+00 9.466384e+00 6.080743e+00
1519 4.219187e+00 8.576995e+00 6.109847e+00
1520 4.531379e+00 8.576497e+00 6.104398e+00
1521 4.843572e+00 8.575999e+00 6.098949e+00
1522 4.220870e+00 9.186001e+00 6.107802e+00
1523 4.221528e+00 9.467991e+00 6.106858e+00
1524 4.532837e+00 9.185336e+00 6.102389e+00
1525 4.533270e+00 9.467659e+00 6.101462e+00
1526 4.844803e+00 9.184672e+00 6.096977e+00
1527 4.845012e+00 9.467327e+00 6.096067e+00
1528 5.443332e+00 8.575043e+00 6.088481e+00
1529 5.443640e+00 9.466689e+00 6.085707e+00
1530 5.443707e+00 9.183397e+00 6.086586e+00
1977 204 53 484 1519 479 
1978 204 479 1519 490 52 
1979 204 484 485 1520 1519 
1980 204 1519 1520 489 490 
1981 204 485 486 1521 1520 
1982 204 1520 1521 488 489 
1983 204 486 58 487 1521 
1984 204 1521 487 59 488 
1985 204 52 490 1522 482 
1986 204 482 1522 1523 483 
1987 204 483 1523 495 55 
1988 204 490 489 1524 1522 
1989 204 1522 1524 1525 1523 
1990 204 1523 1525 494 495 
1991 204 489 488 1526 1524 
1992 204 1524 1526 1527 1525 
1993 204 1525 1527 493 494 
1994 204 488 59 491 1526 
1995 204 1526 491 492 1527 
1996 204 1527 492 60 493 
2001 204 62 499 1528 500 
2002 204 500 1528 501 1 
2003 204 499 59 487 1528 
2004 204 1528 487 58 501 
2005 204 60 492 1529 502 
2006 204 502 1529 504 8 
2007 204 492 491 1530 1529 
2008 204 1529 1530 503 504 
2009 204 491 59 499 1530 
2010 204 1530 499 62 503 
