36 25
30 2.307493e+01 9.749996e+00 5.784022e+00
32 2.307493e+01 8.250008e+00 5.783908e+00
76 2.307493e+01 8.899504e+00 5.783958e+00
78 2.475000e+01 8.250012e+00 5.751356e+00
79 2.475000e+01 8.899508e+00 5.751445e+00
80 2.475000e+01 9.750000e+00 5.751561e+00
590 2.307493e+01 8.574756e+00 5.783933e+00
598 2.307493e+01 9.183001e+00 5.783979e+00
599 2.307493e+01 9.466499e+00 5.784001e+00
607 2.340995e+01 8.250009e+00 5.777398e+00
608 2.374496e+01 8.250010e+00 5.770887e+00
609 2.407997e+01 8.250010e+00 5.764377e+00
610 2.441499e+01 8.250011e+00 5.757866e+00
611 2.475000e+01 8.574760e+00 5.751400e+00
612 2.441499e+01 8.899508e+00 5.757947e+00
613 2.407997e+01 8.899507e+00 5.764450e+00
614 2.374496e+01 8.899506e+00 5.770952e+00
615 2.340995e+01 8.899505e+00 5.777455e+00
616 2.475000e+01 9.183006e+00 5.751483e+00
617 2.475000e+01 9.466503e+00 5.751522e+00
618 2.441499e+01 9.749999e+00 5.758053e+00
619 2.407997e+01 9.749998e+00 5.764546e+00
620 2.374496e+01 9.749997e+00 5.771038e+00
621 2.340995e+01 9.749997e+00 5.777530e+00
1651 2.340995e+01 8.574757e+00 5.777426e+00
1652 2.374496e+01 8.574758e+00 5.770920e+00
1653 2.407997e+01 8.574759e+00 5.764413e+00
1654 2.441499e+01 8.574759e+00 5.757907e+00
1655 2.340995e+01 9.183002e+00 5.777480e+00
1656 2.340995e+01 9.466499e+00 5.777505e+00
1657 2.374496e+01 9.183003e+00 5.770981e+00
1658 2.374496e+01 9.466500e+00 5.771009e+00
1659 2.407997e+01 9.183004e+00 5.764482e+00
1660 2.407997e+01 9.466501e+00 5.764514e+00
1661 2.441499e+01 9.183005e+00 5.757983e+00
1662 2.441499e+01 9.466502e+00 5.758018e+00
2295 204 32 607 1651 590 
2296 204 590 1651 615 76 
2297 204 607 608 1652 1651 
2298 204 1651 1652 614 615 
2299 204 608 609 1653 1652 
2300 204 1652 1653 613 614 
2301 204 609 610 1654 1653 
2302 204 1653 1654 612 613 
2303 204 610 78 611 1654 
2304 204 1654 611 79 612 
2305 204 76 615 1655 598 
2306 204 598 1655 1656 599 
2307 204 599 1656 621 30 
2308 204 615 614 1657 1655 
2309 204 1655 1657 1658 1656 
2310 204 1656 1658 620 621 
2311 204 614 613 1659 1657 
2312 204 1657 1659 1660 1658 
2313 204 1658 1660 619 620 
2314 204 613 612 1661 1659 
2315 204 1659 1661 1662 1660 
2316 204 1660 1662 618 619 
2317 204 612 79 616 1661 
2318 204 1661 616 617 1662 
2319 204 1662 617 80 618 
