66 50
29 2.248093e+01 9.750248e+00 3.983446e+00
31 2.248093e+01 8.250248e+00 3.983446e+00
34 2.248093e+01 8.904973e+00 3.983446e+00
150 2.174315e+01 9.750745e+00 4.022003e-01
153 2.174315e+01 8.905110e+00 4.022003e-01
155 2.174315e+01 8.250745e+00 4.022003e-01
383 2.248093e+01 9.468490e+00 3.983446e+00
384 2.248093e+01 9.186732e+00 3.983446e+00
393 2.248093e+01 8.577611e+00 3.983446e+00
1014 2.174315e+01 9.468867e+00 4.022003e-01
1015 2.174315e+01 9.186988e+00 4.022003e-01
1026 2.174315e+01 8.577928e+00 4.022003e-01
1125 2.181693e+01 8.250695e+00 7.603249e-01
1126 2.189071e+01 8.250645e+00 1.118450e+00
1127 2.196448e+01 8.250596e+00 1.476574e+00
1128 2.203826e+01 8.250546e+00 1.834699e+00
1129 2.211204e+01 8.250496e+00 2.192823e+00
1130 2.218582e+01 8.250447e+00 2.550948e+00
1131 2.225959e+01 8.250397e+00 2.909073e+00
1132 2.233337e+01 8.250347e+00 3.267197e+00
1133 2.240715e+01 8.250298e+00 3.625322e+00
1134 2.240715e+01 9.750298e+00 3.625322e+00
1135 2.233337e+01 9.750347e+00 3.267197e+00
1136 2.225959e+01 9.750397e+00 2.909073e+00
1137 2.218582e+01 9.750447e+00 2.550948e+00
1138 2.211204e+01 9.750496e+00 2.192823e+00
1139 2.203826e+01 9.750546e+00 1.834699e+00
1140 2.196448e+01 9.750596e+00 1.476574e+00
1141 2.189071e+01 9.750645e+00 1.118450e+00
1142 2.181693e+01 9.750695e+00 7.603249e-01
1143 2.240715e+01 8.904987e+00 3.625322e+00
1144 2.233337e+01 8.905001e+00 3.267197e+00
1145 2.225959e+01 8.905014e+00 2.909073e+00
1146 2.218582e+01 8.905028e+00 2.550948e+00
1147 2.211204e+01 8.905042e+00 2.192823e+00
1148 2.203826e+01 8.905056e+00 1.834699e+00
1149 2.196448e+01 8.905069e+00 1.476574e+00
1150 2.189071e+01 8.905083e+00 1.118450e+00
1151 2.181693e+01 8.905097e+00 7.603249e-01
2452 2.181693e+01 9.186963e+00 7.603249e-01
2453 2.189071e+01 9.186937e+00 1.118450e+00
2454 2.196448e+01 9.186911e+00 1.476574e+00
2455 2.203826e+01 9.186886e+00 1.834699e+00
2456 2.211204e+01 9.186860e+00 2.192823e+00
2457 2.218582e+01 9.186834e+00 2.550948e+00
2458 2.225959e+01 9.186809e+00 2.909073e+00
2459 2.233337e+01 9.186783e+00 3.267197e+00
2460 2.240715e+01 9.186757e+00 3.625322e+00
2461 2.181693e+01 9.468829e+00 7.603249e-01
2462 2.189071e+01 9.468791e+00 1.118450e+00
2463 2.196448e+01 9.468754e+00 1.476574e+00
2464 2.203826e+01 9.468716e+00 1.834699e+00
2465 2.211204e+01 9.468678e+00 2.192823e+00
2466 2.218582e+01 9.468641e+00 2.550948e+00
2467 2.225959e+01 9.468603e+00 2.909073e+00
2468 2.233337e+01 9.468565e+00 3.267197e+00
2469 2.240715e+01 9.468528e+00 3.625322e+00
2470 2.240715e+01 8.577642e+00 3.625322e+00
2471 2.233337e+01 8.577674e+00 3.267197e+00
2472 2.225959e+01 8.577706e+00 2.909073e+00
2473 2.218582e+01 8.577737e+00 2.550948e+00
2474 2.211204e+01 8.577769e+00 2.192823e+00
2475 2.203826e+01 8.577801e+00 1.834699e+00
2476 2.196448e+01 8.577832e+00 1.476574e+00
2477 2.189071e+01 8.577864e+00 1.118450e+00
2478 2.181693e+01 8.577896e+00 7.603249e-01
3720 204 153 1015 2452 1151 
3721 204 1151 2452 2453 1150 
3722 204 1150 2453 2454 1149 
3723 204 1149 2454 2455 1148 
3724 204 1148 2455 2456 1147 
3725 204 1147 2456 2457 1146 
3726 204 1146 2457 2458 1145 
3727 204 1145 2458 2459 1144 
3728 204 1144 2459 2460 1143 
3729 204 1143 2460 384 34 
3730 204 1015 1014 2461 2452 
3731 204 2452 2461 2462 2453 
3732 204 2453 2462 2463 2454 
3733 204 2454 2463 2464 2455 
3734 204 2455 2464 2465 2456 
3735 204 2456 2465 2466 2457 
3736 204 2457 2466 2467 2458 
3737 204 2458 2467 2468 2459 
3738 204 2459 2468 2469 2460 
3739 204 2460 2469 383 384 
3740 204 1014 150 1142 2461 
3741 204 2461 1142 1141 2462 
3742 204 2462 1141 1140 2463 
3743 204 2463 1140 1139 2464 
3744 204 2464 1139 1138 2465 
3745 204 2465 1138 1137 2466 
3746 204 2466 1137 1136 2467 
3747 204 2467 1136 1135 2468 
3748 204 2468 1135 1134 2469 
3749 204 2469 1134 29 383 
3750 204 34 393 2470 1143 
3751 204 1143 2470 2471 1144 
3752 204 1144 2471 2472 1145 
3753 204 1145 2472 2473 1146 
3754 204 1146 2473 2474 1147 
3755 204 1147 2474 2475 1148 
3756 204 1148 2475 2476 1149 
3757 204 1149 2476 2477 1150 
3758 204 1150 2477 2478 1151 
3759 204 1151 2478 1026 153 
3760 204 393 31 1133 2470 
3761 204 2470 1133 1132 2471 
3762 204 2471 1132 1131 2472 
3763 204 2472 1131 1130 2473 
3764 204 2473 1130 1129 2474 
3765 204 2474 1129 1128 2475 
3766 204 2475 1128 1127 2476 
3767 204 2476 1127 1126 2477 
3768 204 2477 1126 1125 2478 
3769 204 2478 1125 155 1026 
