522 457
1 5.731035e+00 8.249982e+00 6.084451e+00
2 6.595518e+00 8.249989e+00 6.061520e+00
10 7.384822e+00 8.249990e+00 6.048035e+00
16 1.107902e+01 8.249995e+00 5.984920e+00
18 1.424386e+01 8.249999e+00 5.930850e+00
22 1.741005e+01 8.250003e+00 5.876757e+00
26 2.022455e+01 8.250006e+00 5.828672e+00
32 2.307493e+01 8.250008e+00 5.783908e+00
51 3.660666e+00 8.249981e+00 6.111019e+00
53 3.905968e+00 8.249979e+00 6.116415e+00
58 5.154743e+00 8.249981e+00 6.094544e+00
78 2.475000e+01 8.250012e+00 5.751356e+00
85 2.500000e+01 8.250012e+00 5.751356e+00
86 3.904010e+00 7.625269e+00 6.118549e+00
87 3.660665e+00 7.999981e+00 6.110984e+00
88 5.078495e+00 7.448961e+00 6.107727e+00
89 4.533945e+00 6.656058e+00 6.111471e+00
90 5.002246e+00 6.647941e+00 6.120910e+00
91 5.693006e+00 7.420738e+00 6.086018e+00
92 5.680130e+00 6.637320e+00 6.083735e+00
93 6.621840e+00 7.378080e+00 6.053204e+00
94 7.393296e+00 6.609288e+00 6.040928e+00
95 7.384738e+00 7.386508e+00 6.043035e+00
96 1.107918e+01 7.427323e+00 5.993788e+00
97 1.107933e+01 6.604652e+00 6.002655e+00
98 7.910860e+00 6.600820e+00 6.027996e+00
99 1.424377e+01 5.701320e+00 5.925591e+00
100 1.424383e+01 7.427349e+00 5.929153e+00
101 1.741010e+01 7.427370e+00 5.879765e+00
102 1.741028e+01 4.617292e+00 5.890040e+00
103 2.022465e+01 7.427390e+00 5.834166e+00
104 2.022509e+01 3.602767e+00 5.859711e+00
105 2.307494e+01 7.999998e+00 5.784225e+00
106 2.333679e+01 2.430247e+00 5.822681e+00
107 2.475007e+01 8.000000e+00 5.755593e+00
108 2.500000e+01 8.000000e+00 5.751321e+00
183 6.019196e+00 8.249984e+00 6.076807e+00
184 6.307357e+00 8.249987e+00 6.069164e+00
215 6.990170e+00 8.249989e+00 6.054777e+00
248 7.754243e+00 8.249990e+00 6.041723e+00
249 8.123663e+00 8.249991e+00 6.035412e+00
250 8.493083e+00 8.249991e+00 6.029101e+00
251 8.862503e+00 8.249992e+00 6.022789e+00
252 9.231924e+00 8.249992e+00 6.016478e+00
253 9.601344e+00 8.249993e+00 6.010166e+00
254 9.970764e+00 8.249993e+00 6.003855e+00
255 1.034018e+01 8.249994e+00 5.997543e+00
256 1.070960e+01 8.249994e+00 5.991232e+00
264 1.384825e+01 8.249998e+00 5.937609e+00
265 1.345265e+01 8.249998e+00 5.944368e+00
266 1.305705e+01 8.249997e+00 5.951127e+00
267 1.266144e+01 8.249997e+00 5.957885e+00
268 1.226584e+01 8.249996e+00 5.964644e+00
269 1.187023e+01 8.249996e+00 5.971403e+00
270 1.147463e+01 8.249995e+00 5.978162e+00
292 1.701427e+01 8.250002e+00 5.883518e+00
293 1.661850e+01 8.250002e+00 5.890280e+00
294 1.622273e+01 8.250001e+00 5.897042e+00
295 1.582695e+01 8.250001e+00 5.903803e+00
296 1.543118e+01 8.250000e+00 5.910565e+00
297 1.503540e+01 8.250000e+00 5.917327e+00
298 1.463963e+01 8.249999e+00 5.924088e+00
321 1.987274e+01 8.250006e+00 5.834682e+00
322 1.952093e+01 8.250005e+00 5.840693e+00
323 1.916911e+01 8.250005e+00 5.846704e+00
324 1.881730e+01 8.250004e+00 5.852714e+00
325 1.846549e+01 8.250004e+00 5.858725e+00
326 1.811367e+01 8.250003e+00 5.864735e+00
327 1.776186e+01 8.250003e+00 5.870746e+00
370 2.058085e+01 8.250006e+00 5.823076e+00
371 2.093715e+01 8.250007e+00 5.817481e+00
372 2.129345e+01 8.250007e+00 5.811885e+00
373 2.164974e+01 8.250007e+00 5.806290e+00
374 2.200604e+01 8.250007e+00 5.800695e+00
375 2.236234e+01 8.250008e+00 5.795099e+00
376 2.271864e+01 8.250008e+00 5.789504e+00
484 4.218162e+00 8.249980e+00 6.110947e+00
485 4.530356e+00 8.249980e+00 6.105479e+00
486 4.842549e+00 8.249980e+00 6.100012e+00
501 5.442889e+00 8.249981e+00 6.089497e+00
607 2.340995e+01 8.250009e+00 5.777398e+00
608 2.374496e+01 8.250010e+00 5.770887e+00
609 2.407997e+01 8.250010e+00 5.764377e+00
610 2.441499e+01 8.250011e+00 5.757866e+00
629 3.904989e+00 7.937624e+00 6.117482e+00
630 3.782338e+00 7.812625e+00 6.114767e+00
631 4.295505e+00 7.566500e+00 6.114942e+00
632 4.687000e+00 7.507730e+00 6.111334e+00
633 5.103911e+00 7.715967e+00 6.103333e+00
634 5.129327e+00 7.982974e+00 6.098938e+00
635 4.113989e+00 7.302199e+00 6.116190e+00
636 4.323967e+00 6.979129e+00 6.113830e+00
637 4.768096e+00 6.652000e+00 6.116190e+00
638 5.027662e+00 6.914948e+00 6.116515e+00
639 5.053078e+00 7.181954e+00 6.112121e+00
640 5.705682e+00 7.697153e+00 6.085495e+00
641 5.718359e+00 7.973567e+00 6.084973e+00
642 5.385750e+00 7.434850e+00 6.096872e+00
643 5.686568e+00 7.029029e+00 6.084876e+00
644 5.341188e+00 6.642631e+00 6.102322e+00
645 6.002617e+00 7.406519e+00 6.075080e+00
646 6.312229e+00 7.392299e+00 6.064142e+00
647 6.613066e+00 7.668716e+00 6.055976e+00
648 6.604292e+00 7.959353e+00 6.058748e+00
649 7.050663e+00 6.614895e+00 6.049490e+00
650 6.708030e+00 6.620501e+00 6.058051e+00
651 6.365397e+00 6.626107e+00 6.066612e+00
652 6.022764e+00 6.631714e+00 6.075174e+00
653 7.099307e+00 6.668837e+00 6.043411e+00
654 6.849907e+00 6.835484e+00 6.046609e+00
655 6.682400e+00 7.084304e+00 6.050045e+00
656 7.384766e+00 7.674335e+00 6.044701e+00
657 7.384794e+00 7.962163e+00 6.046368e+00
658 7.003289e+00 7.382294e+00 6.048119e+00
659 1.107923e+01 7.153099e+00 5.996743e+00
660 1.107928e+01 6.878875e+00 5.999699e+00
661 7.754182e+00 7.390590e+00 6.038110e+00
662 8.123626e+00 7.394671e+00 6.033185e+00
663 8.493070e+00 7.398753e+00 6.028261e+00
664 8.862514e+00 7.402834e+00 6.023336e+00
665 9.231958e+00 7.406916e+00 6.018411e+00
666 9.601402e+00 7.410997e+00 6.013486e+00
667 9.970845e+00 7.415079e+00 6.008562e+00
668 1.034029e+01 7.419160e+00 6.003637e+00
669 1.070973e+01 7.423242e+00 5.998712e+00
670 7.560112e+00 7.124612e+00 6.038022e+00
671 7.735486e+00 6.862716e+00 6.033009e+00
672 8.306919e+00 6.601299e+00 6.024828e+00
673 8.702978e+00 6.601778e+00 6.021661e+00
674 9.099036e+00 6.602257e+00 6.018493e+00
675 9.495095e+00 6.602736e+00 6.015325e+00
676 9.891154e+00 6.603215e+00 6.012158e+00
677 1.028721e+01 6.603694e+00 6.008990e+00
678 1.068327e+01 6.604173e+00 6.005822e+00
679 7.652078e+00 6.605054e+00 6.034462e+00
680 1.107913e+01 7.701547e+00 5.990832e+00
681 1.107908e+01 7.975771e+00 5.987876e+00
682 1.143093e+01 6.504281e+00 5.994092e+00
683 1.178254e+01 6.403911e+00 5.985530e+00
684 1.213414e+01 6.303541e+00 5.976967e+00
685 1.248575e+01 6.203171e+00 5.968404e+00
686 1.283735e+01 6.102801e+00 5.959842e+00
687 1.318896e+01 6.002431e+00 5.951279e+00
688 1.354056e+01 5.902061e+00 5.942717e+00
689 1.389217e+01 5.801691e+00 5.934154e+00
690 1.424378e+01 6.046526e+00 5.926304e+00
691 1.424379e+01 6.391732e+00 5.927016e+00
692 1.424381e+01 6.736938e+00 5.927728e+00
693 1.424382e+01 7.082143e+00 5.928440e+00
694 1.384825e+01 7.427346e+00 5.937232e+00
695 1.345267e+01 7.427342e+00 5.945311e+00
696 1.305708e+01 7.427339e+00 5.953391e+00
697 1.266150e+01 7.427336e+00 5.961470e+00
698 1.226592e+01 7.427333e+00 5.969550e+00
699 1.187034e+01 7.427330e+00 5.977629e+00
700 1.147476e+01 7.427326e+00 5.985708e+00
701 1.424384e+01 7.701565e+00 5.929719e+00
702 1.424385e+01 7.975782e+00 5.930284e+00
703 1.463961e+01 7.427352e+00 5.922979e+00
704 1.503540e+01 7.427354e+00 5.916806e+00
705 1.543118e+01 7.427357e+00 5.910632e+00
706 1.582696e+01 7.427360e+00 5.904459e+00
707 1.622275e+01 7.427362e+00 5.898285e+00
708 1.661853e+01 7.427365e+00 5.892112e+00
709 1.701432e+01 7.427367e+00 5.885938e+00
710 1.741008e+01 7.701581e+00 5.878762e+00
711 1.741006e+01 7.975792e+00 5.877759e+00
712 1.459560e+01 5.580873e+00 5.921641e+00
713 1.494744e+01 5.460425e+00 5.917691e+00
714 1.529927e+01 5.339978e+00 5.913741e+00
715 1.565111e+01 5.219530e+00 5.909791e+00
716 1.600294e+01 5.099083e+00 5.905840e+00
717 1.635478e+01 4.978635e+00 5.901890e+00
718 1.670661e+01 4.858187e+00 5.897940e+00
719 1.705844e+01 4.737740e+00 5.893990e+00
720 1.741026e+01 4.968552e+00 5.888755e+00
721 1.741023e+01 5.319812e+00 5.887471e+00
722 1.741021e+01 5.671071e+00 5.886187e+00
723 1.741019e+01 6.022331e+00 5.884902e+00
724 1.741017e+01 6.373591e+00 5.883618e+00
725 1.741014e+01 6.724851e+00 5.882333e+00
726 1.741012e+01 7.076110e+00 5.881049e+00
727 1.776192e+01 7.427373e+00 5.874065e+00
728 1.811374e+01 7.427375e+00 5.868365e+00
729 1.846556e+01 7.427378e+00 5.862665e+00
730 1.881737e+01 7.427380e+00 5.856965e+00
731 1.916919e+01 7.427383e+00 5.851265e+00
732 1.952101e+01 7.427385e+00 5.845566e+00
733 1.987283e+01 7.427388e+00 5.839866e+00
734 2.022462e+01 7.701596e+00 5.832334e+00
735 2.022459e+01 7.975801e+00 5.830503e+00
736 2.022505e+01 3.985229e+00 5.857156e+00
737 2.022500e+01 4.367691e+00 5.854602e+00
738 2.022496e+01 4.750154e+00 5.852047e+00
739 2.022491e+01 5.132616e+00 5.849493e+00
740 2.022487e+01 5.515079e+00 5.846938e+00
741 2.022482e+01 5.897541e+00 5.844384e+00
742 2.022478e+01 6.280003e+00 5.841829e+00
743 2.022474e+01 6.662466e+00 5.839275e+00
744 2.022469e+01 7.044928e+00 5.836720e+00
745 1.776213e+01 4.490477e+00 5.886249e+00
746 1.811398e+01 4.363661e+00 5.882458e+00
747 1.846583e+01 4.236845e+00 5.878666e+00
748 1.881768e+01 4.110029e+00 5.874875e+00
749 1.916954e+01 3.983214e+00 5.871084e+00
750 1.952139e+01 3.856398e+00 5.867293e+00
751 1.987324e+01 3.729582e+00 5.863502e+00
752 2.058093e+01 7.498966e+00 5.827923e+00
753 2.093722e+01 7.570542e+00 5.821681e+00
754 2.129351e+01 7.642118e+00 5.815438e+00
755 2.164979e+01 7.713694e+00 5.809195e+00
756 2.200608e+01 7.785270e+00 5.802953e+00
757 2.236237e+01 7.856846e+00 5.796710e+00
758 2.271865e+01 7.928422e+00 5.790468e+00
759 2.331809e+01 2.828087e+00 5.819934e+00
760 2.329939e+01 3.225926e+00 5.817187e+00
761 2.328068e+01 3.623766e+00 5.814440e+00
762 2.326198e+01 4.021605e+00 5.811694e+00
763 2.324327e+01 4.419444e+00 5.808947e+00
764 2.322457e+01 4.817284e+00 5.806200e+00
765 2.320587e+01 5.215123e+00 5.803453e+00
766 2.318716e+01 5.612962e+00 5.800706e+00
767 2.316846e+01 6.010802e+00 5.797959e+00
768 2.314976e+01 6.408641e+00 5.795212e+00
769 2.313105e+01 6.806480e+00 5.792466e+00
770 2.311235e+01 7.204320e+00 5.789719e+00
771 2.309364e+01 7.602159e+00 5.786972e+00
772 2.057083e+01 3.472487e+00 5.855596e+00
773 2.091658e+01 3.342207e+00 5.851482e+00
774 2.126232e+01 3.211927e+00 5.847368e+00
775 2.160807e+01 3.081647e+00 5.843253e+00
776 2.195381e+01 2.951367e+00 5.839139e+00
777 2.229956e+01 2.821087e+00 5.835024e+00
778 2.264530e+01 2.690807e+00 5.830910e+00
779 2.299105e+01 2.560527e+00 5.826795e+00
780 2.441505e+01 7.999999e+00 5.761320e+00
781 2.408002e+01 7.999999e+00 5.767046e+00
782 2.374499e+01 7.999999e+00 5.772772e+00
783 2.340997e+01 7.999999e+00 5.778499e+00
1663 3.782827e+00 8.031302e+00 6.114243e+00
1664 4.258381e+00 7.911913e+00 6.112734e+00
1665 4.611773e+00 7.886202e+00 6.107965e+00
1666 4.857324e+00 7.996034e+00 6.102980e+00
1667 4.870724e+00 7.738822e+00 6.106171e+00
1668 4.583533e+00 7.242075e+00 6.113726e+00
1669 4.675815e+00 6.947036e+00 6.114686e+00
1670 5.423843e+00 7.978271e+00 6.091963e+00
1671 5.404797e+00 7.706560e+00 6.094415e+00
1672 5.363469e+00 7.038740e+00 6.099592e+00
1673 6.013670e+00 7.968829e+00 6.076240e+00
1674 6.308981e+00 7.964091e+00 6.067493e+00
1675 6.008144e+00 7.687674e+00 6.075659e+00
1676 6.310605e+00 7.678195e+00 6.065813e+00
1677 5.996374e+00 6.977368e+00 6.062068e+00
1678 6.306317e+00 6.925732e+00 6.043563e+00
1679 6.417155e+00 7.121730e+00 6.043119e+00
1680 6.538730e+00 6.803708e+00 6.041211e+00
1681 6.668506e+00 6.865585e+00 6.039706e+00
1682 6.847357e+00 6.698141e+00 6.044728e+00
1683 6.994543e+00 7.960758e+00 6.052558e+00
1684 6.998916e+00 7.671526e+00 6.050338e+00
1685 8.153461e+00 6.864736e+00 6.028876e+00
1686 8.571435e+00 6.866756e+00 6.024723e+00
1687 8.989409e+00 6.868776e+00 6.020555e+00
1688 9.407383e+00 6.870796e+00 6.016377e+00
1689 9.825357e+00 6.872816e+00 6.012194e+00
1690 1.024333e+01 6.874836e+00 6.008015e+00
1691 1.066130e+01 6.876855e+00 6.003848e+00
1692 8.000002e+00 7.128173e+00 6.032890e+00
1693 8.439892e+00 7.131734e+00 6.027735e+00
1694 8.879781e+00 7.135295e+00 6.022567e+00
1695 9.319670e+00 7.138856e+00 6.017392e+00
1696 9.759560e+00 7.142417e+00 6.012217e+00
1697 1.019945e+01 7.145977e+00 6.007046e+00
1698 1.063934e+01 7.149538e+00 6.001886e+00
1699 7.833103e+00 7.259025e+00 6.036012e+00
1700 8.193781e+00 7.262490e+00 6.031489e+00
1701 8.554458e+00 7.265955e+00 6.026961e+00
1702 8.915136e+00 7.269421e+00 6.022429e+00
1703 9.275814e+00 7.272886e+00 6.017897e+00
1704 9.636492e+00 7.276351e+00 6.013364e+00
1705 9.997169e+00 7.279816e+00 6.008833e+00
1706 1.035785e+01 7.283281e+00 6.004304e+00
1707 1.071852e+01 7.286746e+00 5.999780e+00
1708 7.372525e+00 6.788055e+00 6.054540e+00
1709 7.143963e+00 7.059368e+00 6.056491e+00
1710 1.070969e+01 7.698826e+00 5.996217e+00
1711 1.034025e+01 7.696105e+00 6.001604e+00
1712 9.970818e+00 7.693383e+00 6.006990e+00
1713 9.601382e+00 7.690662e+00 6.012377e+00
1714 9.231946e+00 7.687941e+00 6.017764e+00
1715 8.862510e+00 7.685220e+00 6.023151e+00
1716 8.493074e+00 7.682499e+00 6.028538e+00
1717 8.123638e+00 7.679778e+00 6.033925e+00
1718 7.754202e+00 7.677057e+00 6.039313e+00
1719 1.070965e+01 7.974410e+00 5.993727e+00
1720 1.034022e+01 7.973049e+00 5.999577e+00
1721 9.970791e+00 7.971688e+00 6.005426e+00
1722 9.601363e+00 7.970328e+00 6.011276e+00
1723 9.231935e+00 7.968967e+00 6.017125e+00
1724 8.862507e+00 7.967606e+00 6.022974e+00
1725 8.493079e+00 7.966245e+00 6.028823e+00
1726 8.123651e+00 7.964884e+00 6.034672e+00
1727 7.754222e+00 7.963523e+00 6.040521e+00
1728 1.384823e+01 6.351940e+00 5.935847e+00
1729 1.345266e+01 6.427216e+00 5.944922e+00
1730 1.305710e+01 6.502493e+00 5.954012e+00
1731 1.266153e+01 6.577769e+00 5.963119e+00
1732 1.226597e+01 6.653046e+00 5.972239e+00
1733 1.187040e+01 6.728322e+00 5.981375e+00
1734 1.147484e+01 6.803599e+00 5.990532e+00
1735 1.384824e+01 6.889643e+00 5.936585e+00
1736 1.345267e+01 6.927279e+00 5.945206e+00
1737 1.305709e+01 6.964916e+00 5.953818e+00
1738 1.266152e+01 7.002553e+00 5.962418e+00
1739 1.226595e+01 7.040189e+00 5.971014e+00
1740 1.187037e+01 7.077826e+00 5.979606e+00
1741 1.147480e+01 7.115463e+00 5.988182e+00
1742 1.147472e+01 7.701549e+00 5.983193e+00
1743 1.147467e+01 7.975772e+00 5.980677e+00
1744 1.187030e+01 7.701552e+00 5.975554e+00
1745 1.187027e+01 7.975774e+00 5.973478e+00
1746 1.226589e+01 7.701554e+00 5.967914e+00
1747 1.226587e+01 7.975775e+00 5.966279e+00
1748 1.266148e+01 7.701556e+00 5.960275e+00
1749 1.266146e+01 7.975776e+00 5.959080e+00
1750 1.305707e+01 7.701559e+00 5.952636e+00
1751 1.305706e+01 7.975778e+00 5.951881e+00
1752 1.345266e+01 7.701561e+00 5.944997e+00
1753 1.345265e+01 7.975779e+00 5.944682e+00
1754 1.384825e+01 7.701563e+00 5.937358e+00
1755 1.384825e+01 7.975781e+00 5.937483e+00
1756 1.463963e+01 7.975783e+00 5.923719e+00
1757 1.503540e+01 7.975784e+00 5.917153e+00
1758 1.543118e+01 7.975786e+00 5.910587e+00
1759 1.582696e+01 7.975787e+00 5.904022e+00
1760 1.622273e+01 7.975788e+00 5.897456e+00
1761 1.661851e+01 7.975789e+00 5.890891e+00
1762 1.701429e+01 7.975791e+00 5.884325e+00
1763 1.463962e+01 7.701567e+00 5.923349e+00
1764 1.503540e+01 7.701569e+00 5.916979e+00
1765 1.543118e+01 7.701571e+00 5.910610e+00
1766 1.582696e+01 7.701573e+00 5.904240e+00
1767 1.622274e+01 7.701575e+00 5.897871e+00
1768 1.661852e+01 7.701577e+00 5.891501e+00
1769 1.701430e+01 7.701579e+00 5.885132e+00
1770 1.463081e+01 7.055647e+00 5.922712e+00
1771 1.462201e+01 6.685147e+00 5.922475e+00
1772 1.461321e+01 6.315851e+00 5.922239e+00
1773 1.460441e+01 5.947760e+00 5.921964e+00
1774 1.501781e+01 7.029150e+00 5.916989e+00
1775 1.500021e+01 6.633356e+00 5.917222e+00
1776 1.498262e+01 6.239970e+00 5.917456e+00
1777 1.496503e+01 5.848993e+00 5.917626e+00
1778 1.540480e+01 7.002654e+00 5.911280e+00
1779 1.537842e+01 6.581565e+00 5.911976e+00
1780 1.535204e+01 6.164089e+00 5.912670e+00
1781 1.532566e+01 5.750227e+00 5.913279e+00
1782 1.579179e+01 6.976158e+00 5.905581e+00
1783 1.575662e+01 6.529774e+00 5.906737e+00
1784 1.572145e+01 6.088208e+00 5.907879e+00
1785 1.568628e+01 5.651460e+00 5.908920e+00
1786 1.617879e+01 6.949661e+00 5.899887e+00
1787 1.613483e+01 6.477983e+00 5.901501e+00
1788 1.609087e+01 6.012327e+00 5.903084e+00
1789 1.604691e+01 5.552694e+00 5.904553e+00
1790 1.656578e+01 6.923165e+00 5.894200e+00
1791 1.651303e+01 6.426192e+00 5.896269e+00
1792 1.646028e+01 5.936446e+00 5.898284e+00
1793 1.640753e+01 5.453927e+00 5.900180e+00
1794 1.695278e+01 6.896668e+00 5.888521e+00
1795 1.689124e+01 6.374401e+00 5.891040e+00
1796 1.682970e+01 5.860565e+00 5.893481e+00
1797 1.676816e+01 5.355160e+00 5.895801e+00
1798 1.719299e+01 7.085401e+00 5.884302e+00
1799 1.716608e+01 6.609414e+00 5.886317e+00
1800 1.713917e+01 6.136654e+00 5.888305e+00
1801 1.711226e+01 5.667121e+00 5.890262e+00
1802 1.708535e+01 5.200817e+00 5.892166e+00
1803 1.729196e+01 6.734966e+00 5.884037e+00
1804 1.728236e+01 6.389999e+00 5.885394e+00
1805 1.727276e+01 6.045856e+00 5.886745e+00
1806 1.726316e+01 5.702536e+00 5.888087e+00
1807 1.725356e+01 5.360039e+00 5.889418e+00
1808 1.724396e+01 5.018366e+00 5.890730e+00
1809 1.776188e+01 7.975793e+00 5.871852e+00
1810 1.811369e+01 7.975794e+00 5.865945e+00
1811 1.846551e+01 7.975795e+00 5.860038e+00
1812 1.881732e+01 7.975796e+00 5.854131e+00
1813 1.916914e+01 7.975797e+00 5.848224e+00
1814 1.952095e+01 7.975799e+00 5.842317e+00
1815 1.987277e+01 7.975800e+00 5.836410e+00
1816 1.776190e+01 7.701583e+00 5.872959e+00
1817 1.811372e+01 7.701585e+00 5.867155e+00
1818 1.846553e+01 7.701586e+00 5.861352e+00
1819 1.881735e+01 7.701588e+00 5.855548e+00
1820 1.916917e+01 7.701590e+00 5.849745e+00
1821 1.952098e+01 7.701592e+00 5.843941e+00
1822 1.987280e+01 7.701594e+00 5.838138e+00
1823 1.776194e+01 7.060261e+00 5.875579e+00
1824 1.776197e+01 6.693149e+00 5.877098e+00
1825 1.776200e+01 6.326037e+00 5.878625e+00
1826 1.776202e+01 5.958925e+00 5.880157e+00
1827 1.776205e+01 5.591813e+00 5.881690e+00
1828 1.776208e+01 5.224701e+00 5.883217e+00
1829 1.776210e+01 4.857589e+00 5.884735e+00
1830 1.811377e+01 7.044411e+00 5.870108e+00
1831 1.811380e+01 6.661446e+00 5.871865e+00
1832 1.811383e+01 6.278482e+00 5.873636e+00
1833 1.811386e+01 5.895518e+00 5.875413e+00
1834 1.811389e+01 5.512554e+00 5.877190e+00
1835 1.811392e+01 5.129590e+00 5.878958e+00
1836 1.811395e+01 4.746625e+00 5.880714e+00
1837 1.846559e+01 7.028561e+00 5.864642e+00
1838 1.846562e+01 6.629744e+00 5.866637e+00
1839 1.846566e+01 6.230928e+00 5.868648e+00
1840 1.846569e+01 5.832111e+00 5.870667e+00
1841 1.846573e+01 5.433295e+00 5.872685e+00
1842 1.846576e+01 5.034478e+00 5.874694e+00
1843 1.846580e+01 4.635662e+00 5.876688e+00
1844 1.881741e+01 7.012711e+00 5.859181e+00
1845 1.881745e+01 6.598042e+00 5.861413e+00
1846 1.881749e+01 6.183374e+00 5.863663e+00
1847 1.881753e+01 5.768705e+00 5.865921e+00
1848 1.881757e+01 5.354036e+00 5.868178e+00
1849 1.881761e+01 4.939367e+00 5.870426e+00
1850 1.881765e+01 4.524698e+00 5.872660e+00
1851 1.916924e+01 6.996861e+00 5.853721e+00
1852 1.916928e+01 6.566340e+00 5.856192e+00
1853 1.916932e+01 6.135819e+00 5.858679e+00
1854 1.916936e+01 5.705298e+00 5.861174e+00
1855 1.916941e+01 5.274777e+00 5.863668e+00
1856 1.916945e+01 4.844256e+00 5.866155e+00
1857 1.916949e+01 4.413735e+00 5.868629e+00
1858 1.952106e+01 6.981012e+00 5.848264e+00
1859 1.952110e+01 6.534638e+00 5.850975e+00
1860 1.952115e+01 6.088265e+00 5.853699e+00
1861 1.952120e+01 5.641892e+00 5.856429e+00
1862 1.952125e+01 5.195518e+00 5.859158e+00
1863 1.952129e+01 4.749145e+00 5.861881e+00
1864 1.952134e+01 4.302772e+00 5.864596e+00
1865 1.987288e+01 6.965162e+00 5.842810e+00
1866 1.987293e+01 6.502936e+00 5.845761e+00
1867 1.987298e+01 6.040711e+00 5.848721e+00
1868 1.987303e+01 5.578485e+00 5.851684e+00
1869 1.987309e+01 5.116259e+00 5.854646e+00
1870 1.987314e+01 4.654034e+00 5.857604e+00
1871 1.987319e+01 4.191808e+00 5.860558e+00
1872 2.004878e+01 7.051268e+00 5.839471e+00
1873 2.004882e+01 6.675146e+00 5.841926e+00
1874 2.004887e+01 6.299025e+00 5.844386e+00
1875 2.004891e+01 5.922903e+00 5.846849e+00
1876 2.004895e+01 5.546782e+00 5.849312e+00
1877 2.004899e+01 5.170660e+00 5.851774e+00
1878 2.004904e+01 4.794539e+00 5.854235e+00
1879 2.004908e+01 4.418418e+00 5.856695e+00
1880 2.004912e+01 4.042296e+00 5.859153e+00
1881 2.040276e+01 7.725454e+00 5.829332e+00
1882 2.040273e+01 7.987730e+00 5.827589e+00
1883 2.292491e+01 3.111973e+00 5.823625e+00
1884 2.253922e+01 3.236724e+00 5.828420e+00
1885 2.215352e+01 3.361475e+00 5.833213e+00
1886 2.176783e+01 3.486226e+00 5.838004e+00
1887 2.138213e+01 3.610977e+00 5.842792e+00
1888 2.099644e+01 3.735727e+00 5.847579e+00
1889 2.061074e+01 3.860478e+00 5.852365e+00
1890 2.274157e+01 7.393261e+00 5.794148e+00
1891 2.276449e+01 6.858100e+00 5.797828e+00
1892 2.278741e+01 6.322939e+00 5.801512e+00
1893 2.281032e+01 5.787778e+00 5.805197e+00
1894 2.283324e+01 5.252617e+00 5.808883e+00
1895 2.285616e+01 4.717456e+00 5.812569e+00
1896 2.287908e+01 4.182295e+00 5.816256e+00
1897 2.290199e+01 3.647134e+00 5.819941e+00
1898 2.238202e+01 7.343499e+00 5.800223e+00
1899 2.240167e+01 6.830152e+00 5.803739e+00
1900 2.242132e+01 6.316805e+00 5.807260e+00
1901 2.244097e+01 5.803459e+00 5.810784e+00
1902 2.246062e+01 5.290112e+00 5.814312e+00
1903 2.248027e+01 4.776765e+00 5.817840e+00
1904 2.249992e+01 4.263418e+00 5.821369e+00
1905 2.251957e+01 3.750071e+00 5.824896e+00
1906 2.202246e+01 7.293737e+00 5.806298e+00
1907 2.203884e+01 6.802204e+00 5.809650e+00
1908 2.205523e+01 6.310672e+00 5.813009e+00
1909 2.207161e+01 5.819139e+00 5.816373e+00
1910 2.208799e+01 5.327606e+00 5.819741e+00
1911 2.210437e+01 4.836073e+00 5.823111e+00
1912 2.212076e+01 4.344541e+00 5.826482e+00
1913 2.213714e+01 3.853008e+00 5.829849e+00
1914 2.166291e+01 7.243975e+00 5.812375e+00
1915 2.167602e+01 6.774257e+00 5.815565e+00
1916 2.168914e+01 6.304538e+00 5.818762e+00
1917 2.170225e+01 5.834819e+00 5.821966e+00
1918 2.171537e+01 5.365101e+00 5.825174e+00
1919 2.172848e+01 4.895382e+00 5.828384e+00
1920 2.174160e+01 4.425663e+00 5.831594e+00
1921 2.175471e+01 3.955945e+00 5.834801e+00
1922 2.130335e+01 7.194213e+00 5.818457e+00
1923 2.131320e+01 6.746309e+00 5.821486e+00
1924 2.132305e+01 6.298404e+00 5.824522e+00
1925 2.133290e+01 5.850500e+00 5.827564e+00
1926 2.134274e+01 5.402595e+00 5.830610e+00
1927 2.135259e+01 4.954690e+00 5.833658e+00
1928 2.136244e+01 4.506786e+00 5.836706e+00
1929 2.137228e+01 4.058881e+00 5.839751e+00
1930 2.094380e+01 7.144452e+00 5.824543e+00
1931 2.095038e+01 6.718361e+00 5.827412e+00
1932 2.095696e+01 6.292270e+00 5.830287e+00
1933 2.096354e+01 5.866180e+00 5.833167e+00
1934 2.097012e+01 5.440089e+00 5.836050e+00
1935 2.097670e+01 5.013999e+00 5.838934e+00
1936 2.098328e+01 4.587909e+00 5.841818e+00
1937 2.098986e+01 4.161818e+00 5.844700e+00
1938 2.058425e+01 7.094690e+00 5.830633e+00
1939 2.058756e+01 6.690413e+00 5.833343e+00
1940 2.059087e+01 6.286137e+00 5.836057e+00
1941 2.059418e+01 5.881860e+00 5.838774e+00
1942 2.059749e+01 5.477584e+00 5.841493e+00
1943 2.060081e+01 5.073308e+00 5.844212e+00
1944 2.060412e+01 4.669031e+00 5.846931e+00
1945 2.060743e+01 4.264755e+00 5.849650e+00
2331 204 51 87 630 1663 
2332 204 51 1663 629 53 
2333 204 1663 630 86 629 
2334 204 53 629 1664 484 
2335 204 629 86 631 1664 
2336 204 484 1664 1665 485 
2337 204 1664 631 632 1665 
2338 204 485 1665 1666 486 
2339 204 1665 632 1667 1666 
2340 204 486 1666 634 58 
2341 204 1666 1667 633 634 
2342 204 1667 632 88 633 
2343 204 88 632 1668 639 
2344 204 632 631 635 1668 
2345 203 631 86 635 
2346 204 89 637 1669 636 
2347 204 636 1669 1668 635 
2348 204 637 90 638 1669 
2349 204 1669 638 639 1668 
2350 204 1 501 1670 641 
2351 204 641 1670 1671 640 
2352 204 640 1671 642 91 
2353 204 501 58 634 1670 
2354 204 1670 634 633 1671 
2355 204 1671 633 88 642 
2356 204 88 639 1672 642 
2357 203 639 638 1672 
2358 204 638 90 644 1672 
2359 204 92 643 1672 644 
2360 204 643 91 642 1672 
2361 204 1 641 1673 183 
2362 204 183 1673 1674 184 
2363 204 184 1674 648 2 
2364 204 641 640 1675 1673 
2365 204 1673 1675 1676 1674 
2366 204 1674 1676 647 648 
2367 204 640 91 645 1675 
2368 204 1675 645 646 1676 
2369 204 1676 646 93 647 
2370 204 91 643 1677 645 
2371 204 643 92 652 1677 
2372 204 645 1677 1678 646 
2373 204 1677 652 651 1678 
2374 204 646 1678 1680 1679 
2375 204 1678 651 650 1680 
2376 204 1679 1680 1682 1681 
2377 204 1680 650 649 1682 
2378 204 646 1679 655 93 
2379 204 1679 1681 654 655 
2380 204 1681 1682 653 654 
2381 204 1682 649 94 653 
2382 204 10 215 1683 657 
2383 204 657 1683 1684 656 
2384 204 656 1684 658 95 
2385 204 215 2 648 1683 
2386 204 1683 648 647 1684 
2387 204 1684 647 93 658 
2388 204 98 672 1685 671 
2389 204 672 673 1686 1685 
2390 204 673 674 1687 1686 
2391 204 674 675 1688 1687 
2392 204 675 676 1689 1688 
2393 204 676 677 1690 1689 
2394 204 677 678 1691 1690 
2395 204 678 97 660 1691 
2396 204 671 1685 1692 670 
2397 204 1685 1686 1693 1692 
2398 204 1686 1687 1694 1693 
2399 204 1687 1688 1695 1694 
2400 204 1688 1689 1696 1695 
2401 204 1689 1690 1697 1696 
2402 204 1690 1691 1698 1697 
2403 204 1691 660 659 1698 
2404 204 670 1692 1700 1699 
2405 204 1692 1693 1701 1700 
2406 204 1693 1694 1702 1701 
2407 204 1694 1695 1703 1702 
2408 204 1695 1696 1704 1703 
2409 204 1696 1697 1705 1704 
2410 204 1697 1698 1706 1705 
2411 204 1698 659 1707 1706 
2412 204 670 1699 661 95 
2413 204 1699 1700 662 661 
2414 204 1700 1701 663 662 
2415 204 1701 1702 664 663 
2416 204 1702 1703 665 664 
2417 204 1703 1704 666 665 
2418 204 1704 1705 667 666 
2419 204 1705 1706 668 667 
2420 204 1706 1707 669 668 
2421 204 1707 659 96 669 
2422 203 93 655 658 
2423 204 655 654 1709 658 
2424 204 654 653 1708 1709 
2425 204 653 94 679 1708 
2426 204 98 671 1708 679 
2427 204 671 670 1709 1708 
2428 204 670 95 658 1709 
2429 204 96 680 1710 669 
2430 204 669 1710 1711 668 
2431 204 668 1711 1712 667 
2432 204 667 1712 1713 666 
2433 204 666 1713 1714 665 
2434 204 665 1714 1715 664 
2435 204 664 1715 1716 663 
2436 204 663 1716 1717 662 
2437 204 662 1717 1718 661 
2438 204 661 1718 656 95 
2439 204 680 681 1719 1710 
2440 204 1710 1719 1720 1711 
2441 204 1711 1720 1721 1712 
2442 204 1712 1721 1722 1713 
2443 204 1713 1722 1723 1714 
2444 204 1714 1723 1724 1715 
2445 204 1715 1724 1725 1716 
2446 204 1716 1725 1726 1717 
2447 204 1717 1726 1727 1718 
2448 204 1718 1727 657 656 
2449 204 681 16 256 1719 
2450 204 1719 256 255 1720 
2451 204 1720 255 254 1721 
2452 204 1721 254 253 1722 
2453 204 1722 253 252 1723 
2454 204 1723 252 251 1724 
2455 204 1724 251 250 1725 
2456 204 1725 250 249 1726 
2457 204 1726 249 248 1727 
2458 204 1727 248 10 657 
2459 204 97 682 1734 660 
2460 204 682 683 1733 1734 
2461 204 683 684 1732 1733 
2462 204 684 685 1731 1732 
2463 204 685 686 1730 1731 
2464 204 686 687 1729 1730 
2465 203 687 688 1729 
2466 204 688 689 690 1728 
2467 203 688 1728 1729 
2468 203 689 99 690 
2469 203 690 691 1728 
2470 204 691 692 1735 1728 
2471 203 692 693 1735 
2472 204 693 100 694 1735 
2473 204 694 695 1736 1735 
2474 204 1735 1736 1729 1728 
2475 204 695 696 1737 1736 
2476 204 1736 1737 1730 1729 
2477 204 696 697 1738 1737 
2478 204 1737 1738 1731 1730 
2479 204 697 698 1739 1738 
2480 204 1738 1739 1732 1731 
2481 204 698 699 1740 1739 
2482 204 1739 1740 1733 1732 
2483 204 699 700 1741 1740 
2484 204 1740 1741 1734 1733 
2485 204 700 96 659 1741 
2486 204 1741 659 660 1734 
2487 204 96 700 1742 680 
2488 204 680 1742 1743 681 
2489 204 681 1743 270 16 
2490 204 700 699 1744 1742 
2491 204 1742 1744 1745 1743 
2492 204 1743 1745 269 270 
2493 204 699 698 1746 1744 
2494 204 1744 1746 1747 1745 
2495 204 1745 1747 268 269 
2496 204 698 697 1748 1746 
2497 204 1746 1748 1749 1747 
2498 204 1747 1749 267 268 
2499 204 697 696 1750 1748 
2500 204 1748 1750 1751 1749 
2501 204 1749 1751 266 267 
2502 204 696 695 1752 1750 
2503 204 1750 1752 1753 1751 
2504 204 1751 1753 265 266 
2505 204 695 694 1754 1752 
2506 204 1752 1754 1755 1753 
2507 204 1753 1755 264 265 
2508 204 694 100 701 1754 
2509 204 1754 701 702 1755 
2510 204 1755 702 18 264 
2511 204 18 702 1756 298 
2512 204 298 1756 1757 297 
2513 204 297 1757 1758 296 
2514 204 296 1758 1759 295 
2515 204 295 1759 1760 294 
2516 204 294 1760 1761 293 
2517 204 293 1761 1762 292 
2518 204 292 1762 711 22 
2519 204 702 701 1763 1756 
2520 204 1756 1763 1764 1757 
2521 204 1757 1764 1765 1758 
2522 204 1758 1765 1766 1759 
2523 204 1759 1766 1767 1760 
2524 204 1760 1767 1768 1761 
2525 204 1761 1768 1769 1762 
2526 204 1762 1769 710 711 
2527 204 701 100 703 1763 
2528 204 1763 703 704 1764 
2529 204 1764 704 705 1765 
2530 204 1765 705 706 1766 
2531 204 1766 706 707 1767 
2532 204 1767 707 708 1768 
2533 204 1768 708 709 1769 
2534 204 1769 709 101 710 
2535 204 100 693 1770 703 
2536 204 693 692 1771 1770 
2537 204 692 691 1772 1771 
2538 204 691 690 1773 1772 
2539 204 690 99 712 1773 
2540 204 703 1770 1774 704 
2541 204 1770 1771 1775 1774 
2542 204 1771 1772 1776 1775 
2543 204 1772 1773 1777 1776 
2544 204 1773 712 713 1777 
2545 204 704 1774 1778 705 
2546 204 1774 1775 1779 1778 
2547 204 1775 1776 1780 1779 
2548 204 1776 1777 1781 1780 
2549 204 1777 713 714 1781 
2550 204 705 1778 1782 706 
2551 204 1778 1779 1783 1782 
2552 204 1779 1780 1784 1783 
2553 204 1780 1781 1785 1784 
2554 204 1781 714 715 1785 
2555 204 706 1782 1786 707 
2556 204 1782 1783 1787 1786 
2557 204 1783 1784 1788 1787 
2558 204 1784 1785 1789 1788 
2559 204 1785 715 716 1789 
2560 204 707 1786 1790 708 
2561 204 1786 1787 1791 1790 
2562 204 1787 1788 1792 1791 
2563 204 1788 1789 1793 1792 
2564 204 1789 716 717 1793 
2565 204 708 1790 1794 709 
2566 204 1790 1791 1795 1794 
2567 204 1791 1792 1796 1795 
2568 204 1792 1793 1797 1796 
2569 204 1793 717 718 1797 
2570 204 709 1794 1799 1798 
2571 204 1794 1795 1800 1799 
2572 204 1795 1796 1801 1800 
2573 204 1796 1797 1802 1801 
2574 204 1797 718 719 1802 
2575 204 1798 1799 1804 1803 
2576 204 1799 1800 1805 1804 
2577 204 1800 1801 1806 1805 
2578 204 1801 1802 1807 1806 
2579 204 1802 719 1808 1807 
2580 204 709 1798 726 101 
2581 204 1798 1803 725 726 
2582 204 1803 1804 724 725 
2583 204 1804 1805 723 724 
2584 204 1805 1806 722 723 
2585 204 1806 1807 721 722 
2586 204 1807 1808 720 721 
2587 204 1808 719 102 720 
2588 204 22 711 1809 327 
2589 204 327 1809 1810 326 
2590 204 326 1810 1811 325 
2591 204 325 1811 1812 324 
2592 204 324 1812 1813 323 
2593 204 323 1813 1814 322 
2594 204 322 1814 1815 321 
2595 204 321 1815 735 26 
2596 204 711 710 1816 1809 
2597 204 1809 1816 1817 1810 
2598 204 1810 1817 1818 1811 
2599 204 1811 1818 1819 1812 
2600 204 1812 1819 1820 1813 
2601 204 1813 1820 1821 1814 
2602 204 1814 1821 1822 1815 
2603 204 1815 1822 734 735 
2604 204 710 101 727 1816 
2605 204 1816 727 728 1817 
2606 204 1817 728 729 1818 
2607 204 1818 729 730 1819 
2608 204 1819 730 731 1820 
2609 204 1820 731 732 1821 
2610 204 1821 732 733 1822 
2611 204 1822 733 103 734 
2612 204 101 726 1823 727 
2613 204 726 725 1824 1823 
2614 204 725 724 1825 1824 
2615 204 724 723 1826 1825 
2616 204 723 722 1827 1826 
2617 204 722 721 1828 1827 
2618 204 721 720 1829 1828 
2619 204 720 102 745 1829 
2620 204 727 1823 1830 728 
2621 204 1823 1824 1831 1830 
2622 204 1824 1825 1832 1831 
2623 204 1825 1826 1833 1832 
2624 204 1826 1827 1834 1833 
2625 204 1827 1828 1835 1834 
2626 204 1828 1829 1836 1835 
2627 204 1829 745 746 1836 
2628 204 728 1830 1837 729 
2629 204 1830 1831 1838 1837 
2630 204 1831 1832 1839 1838 
2631 204 1832 1833 1840 1839 
2632 204 1833 1834 1841 1840 
2633 204 1834 1835 1842 1841 
2634 204 1835 1836 1843 1842 
2635 204 1836 746 747 1843 
2636 204 729 1837 1844 730 
2637 204 1837 1838 1845 1844 
2638 204 1838 1839 1846 1845 
2639 204 1839 1840 1847 1846 
2640 204 1840 1841 1848 1847 
2641 204 1841 1842 1849 1848 
2642 204 1842 1843 1850 1849 
2643 204 1843 747 748 1850 
2644 204 730 1844 1851 731 
2645 204 1844 1845 1852 1851 
2646 204 1845 1846 1853 1852 
2647 204 1846 1847 1854 1853 
2648 204 1847 1848 1855 1854 
2649 204 1848 1849 1856 1855 
2650 204 1849 1850 1857 1856 
2651 204 1850 748 749 1857 
2652 204 731 1851 1858 732 
2653 204 1851 1852 1859 1858 
2654 204 1852 1853 1860 1859 
2655 204 1853 1854 1861 1860 
2656 204 1854 1855 1862 1861 
2657 204 1855 1856 1863 1862 
2658 204 1856 1857 1864 1863 
2659 204 1857 749 750 1864 
2660 204 732 1858 1865 733 
2661 204 1858 1859 1866 1865 
2662 204 1859 1860 1867 1866 
2663 204 1860 1861 1868 1867 
2664 204 1861 1862 1869 1868 
2665 204 1862 1863 1870 1869 
2666 204 1863 1864 1871 1870 
2667 204 1864 750 751 1871 
2668 204 733 1865 1873 1872 
2669 204 1865 1866 1874 1873 
2670 204 1866 1867 1875 1874 
2671 204 1867 1868 1876 1875 
2672 204 1868 1869 1877 1876 
2673 204 1869 1870 1878 1877 
2674 204 1870 1871 1879 1878 
2675 204 1871 751 1880 1879 
2676 204 733 1872 744 103 
2677 204 1872 1873 743 744 
2678 204 1873 1874 742 743 
2679 204 1874 1875 741 742 
2680 204 1875 1876 740 741 
2681 204 1876 1877 739 740 
2682 204 1877 1878 738 739 
2683 204 1878 1879 737 738 
2684 204 1879 1880 736 737 
2685 204 1880 751 104 736 
2686 204 105 32 376 758 
2687 204 758 376 375 757 
2688 204 757 375 374 756 
2689 204 756 374 373 755 
2690 204 755 373 372 754 
2691 204 754 372 371 753 
2692 204 753 371 370 752 
2693 204 752 370 1882 1881 
2694 204 752 1881 734 103 
2695 204 1881 1882 735 734 
2696 204 1882 370 26 735 
2697 204 104 772 1889 736 
2698 204 772 773 1888 1889 
2699 204 773 774 1887 1888 
2700 204 774 775 1886 1887 
2701 204 775 776 1885 1886 
2702 204 776 777 1884 1885 
2703 204 777 778 1883 1884 
2704 204 778 779 759 1883 
2705 203 779 106 759 
2706 203 759 760 1883 
2707 204 760 761 1897 1883 
2708 204 761 762 1896 1897 
2709 203 762 763 1896 
2710 204 763 764 1895 1896 
2711 204 764 765 1894 1895 
2712 204 765 766 1893 1894 
2713 203 766 767 1893 
2714 204 767 768 1892 1893 
2715 204 768 769 1891 1892 
2716 204 769 770 1890 1891 
2717 203 770 771 1890 
2718 204 771 105 758 1890 
2719 204 758 757 1898 1890 
2720 204 1890 1898 1899 1891 
2721 204 1891 1899 1900 1892 
2722 204 1892 1900 1901 1893 
2723 204 1893 1901 1902 1894 
2724 204 1894 1902 1903 1895 
2725 204 1895 1903 1904 1896 
2726 204 1896 1904 1905 1897 
2727 204 1897 1905 1884 1883 
2728 204 757 756 1906 1898 
2729 204 1898 1906 1907 1899 
2730 204 1899 1907 1908 1900 
2731 204 1900 1908 1909 1901 
2732 204 1901 1909 1910 1902 
2733 204 1902 1910 1911 1903 
2734 204 1903 1911 1912 1904 
2735 204 1904 1912 1913 1905 
2736 204 1905 1913 1885 1884 
2737 204 756 755 1914 1906 
2738 204 1906 1914 1915 1907 
2739 204 1907 1915 1916 1908 
2740 204 1908 1916 1917 1909 
2741 204 1909 1917 1918 1910 
2742 204 1910 1918 1919 1911 
2743 204 1911 1919 1920 1912 
2744 204 1912 1920 1921 1913 
2745 204 1913 1921 1886 1885 
2746 204 755 754 1922 1914 
2747 204 1914 1922 1923 1915 
2748 204 1915 1923 1924 1916 
2749 204 1916 1924 1925 1917 
2750 204 1917 1925 1926 1918 
2751 204 1918 1926 1927 1919 
2752 204 1919 1927 1928 1920 
2753 204 1920 1928 1929 1921 
2754 204 1921 1929 1887 1886 
2755 204 754 753 1930 1922 
2756 204 1922 1930 1931 1923 
2757 204 1923 1931 1932 1924 
2758 204 1924 1932 1933 1925 
2759 204 1925 1933 1934 1926 
2760 204 1926 1934 1935 1927 
2761 204 1927 1935 1936 1928 
2762 204 1928 1936 1937 1929 
2763 204 1929 1937 1888 1887 
2764 204 753 752 1938 1930 
2765 204 1930 1938 1939 1931 
2766 204 1931 1939 1940 1932 
2767 204 1932 1940 1941 1933 
2768 204 1933 1941 1942 1934 
2769 204 1934 1942 1943 1935 
2770 204 1935 1943 1944 1936 
2771 204 1936 1944 1945 1937 
2772 204 1937 1945 1889 1888 
2773 204 752 103 744 1938 
2774 204 1938 744 743 1939 
2775 204 1939 743 742 1940 
2776 204 1940 742 741 1941 
2777 204 1941 741 740 1942 
2778 204 1942 740 739 1943 
2779 204 1943 739 738 1944 
2780 204 1944 738 737 1945 
2781 204 1945 737 736 1889 
2782 204 105 783 607 32 
2783 204 783 782 608 607 
2784 204 782 781 609 608 
2785 204 781 780 610 609 
2786 204 780 107 78 610 
2787 204 85 78 107 108 
