142 121
109 3.159381e+00 1.000077e+01 4.000000e-01
110 3.159381e+00 9.750771e+00 3.999654e-01
111 3.911344e+00 9.750770e+00 4.000890e-01
112 3.911345e+00 1.000077e+01 4.000890e-01
113 5.697442e+00 9.750768e+00 4.003005e-01
114 5.697443e+00 1.000077e+01 4.003005e-01
115 6.461821e+00 9.750767e+00 4.003910e-01
116 6.461822e+00 1.000077e+01 4.003910e-01
117 7.130035e+00 9.750766e+00 4.004355e-01
118 7.130035e+00 1.000077e+01 4.004701e-01
119 3.911344e+00 8.905008e+00 4.000890e-01
120 3.159379e+00 8.905009e+00 3.998484e-01
121 5.697441e+00 8.905008e+00 4.003005e-01
122 6.461821e+00 8.905008e+00 4.003910e-01
123 7.130033e+00 8.905007e+00 4.003185e-01
124 3.911344e+00 8.250770e+00 4.000890e-01
125 5.697441e+00 8.250768e+00 4.003005e-01
126 3.159378e+00 8.000771e+00 3.997233e-01
127 7.130032e+00 8.000766e+00 4.001935e-01
128 6.461821e+00 8.250767e+00 4.003910e-01
129 4.054676e+00 7.069716e+00 3.967536e-01
130 4.450403e+00 7.450243e+00 3.977798e-01
131 5.605072e+00 7.425411e+00 3.978400e-01
132 4.460443e+00 6.647743e+00 3.954077e-01
133 4.989462e+00 6.649716e+00 3.954706e-01
134 5.518481e+00 6.651689e+00 3.955335e-01
135 6.289042e+00 7.300987e+00 3.975478e-01
136 6.171350e+00 6.654028e+00 3.956111e-01
137 6.937309e+00 7.153526e+00 3.973546e-01
138 6.824219e+00 6.656367e+00 3.956887e-01
784 3.535363e+00 9.750771e+00 4.000272e-01
785 3.535363e+00 1.000077e+01 4.000445e-01
786 4.268564e+00 9.750770e+00 4.001313e-01
787 4.625784e+00 9.750769e+00 4.001736e-01
788 4.983003e+00 9.750769e+00 4.002159e-01
789 5.340223e+00 9.750768e+00 4.002582e-01
790 5.340223e+00 1.000077e+01 4.002582e-01
791 4.983003e+00 1.000077e+01 4.002159e-01
792 4.625784e+00 1.000077e+01 4.001736e-01
793 4.268564e+00 1.000077e+01 4.001313e-01
794 6.079632e+00 9.750767e+00 4.003457e-01
795 6.079632e+00 1.000077e+01 4.003457e-01
796 6.795928e+00 9.750766e+00 4.004133e-01
797 6.795928e+00 1.000077e+01 4.004306e-01
798 3.911344e+00 9.186929e+00 4.000890e-01
799 3.911344e+00 9.468849e+00 4.000890e-01
800 3.535362e+00 8.905008e+00 3.999687e-01
801 3.159380e+00 9.468851e+00 3.999264e-01
802 3.159380e+00 9.186930e+00 3.998874e-01
803 4.268564e+00 8.905008e+00 4.001313e-01
804 4.625783e+00 8.905008e+00 4.001736e-01
805 4.983002e+00 8.905008e+00 4.002159e-01
806 5.340222e+00 8.905008e+00 4.002582e-01
807 5.697441e+00 9.186928e+00 4.003005e-01
808 5.697442e+00 9.468848e+00 4.003005e-01
809 6.079631e+00 8.905008e+00 4.003457e-01
810 6.461821e+00 9.186927e+00 4.003910e-01
811 6.461821e+00 9.468847e+00 4.003910e-01
812 7.130034e+00 9.186927e+00 4.003575e-01
813 7.130034e+00 9.468846e+00 4.003965e-01
814 6.795927e+00 8.905007e+00 4.003548e-01
815 4.268564e+00 8.250770e+00 4.001313e-01
816 4.625783e+00 8.250769e+00 4.001736e-01
817 4.983002e+00 8.250769e+00 4.002159e-01
818 5.340222e+00 8.250768e+00 4.002582e-01
819 5.697441e+00 8.577888e+00 4.003005e-01
820 3.911344e+00 8.577889e+00 4.000890e-01
821 3.535361e+00 8.125771e+00 3.999062e-01
822 3.159379e+00 8.603596e+00 3.998067e-01
823 3.159379e+00 8.302184e+00 3.997650e-01
824 7.130033e+00 8.302179e+00 4.002352e-01
825 7.130033e+00 8.603593e+00 4.002768e-01
826 6.795927e+00 8.125766e+00 4.002922e-01
827 6.461821e+00 8.577887e+00 4.003910e-01
828 6.079631e+00 8.250767e+00 4.003457e-01
829 3.383203e+00 7.768008e+00 3.989809e-01
830 3.607027e+00 7.535244e+00 3.982385e-01
831 3.830851e+00 7.302480e+00 3.974960e-01
832 4.252539e+00 7.259980e+00 3.972667e-01
833 4.270717e+00 7.717085e+00 3.985495e-01
834 4.091031e+00 7.983928e+00 3.993193e-01
835 4.835293e+00 7.441966e+00 3.977999e-01
836 5.220182e+00 7.433688e+00 3.978200e-01
837 5.635861e+00 7.700530e+00 3.986602e-01
838 5.666651e+00 7.975649e+00 3.994803e-01
839 4.257560e+00 6.858730e+00 3.960806e-01
840 4.724953e+00 6.648729e+00 3.954391e-01
841 4.809776e+00 6.916558e+00 3.962403e-01
842 4.630090e+00 7.183401e+00 3.970101e-01
843 5.253972e+00 6.650702e+00 3.955020e-01
844 5.561776e+00 7.038550e+00 3.966868e-01
845 6.346635e+00 7.617580e+00 3.984955e-01
846 6.404228e+00 7.934173e+00 3.994433e-01
847 5.947057e+00 7.363199e+00 3.976939e-01
848 6.230196e+00 6.977508e+00 3.965795e-01
849 5.844916e+00 6.652858e+00 3.955723e-01
850 7.001550e+00 7.435939e+00 3.983009e-01
851 7.065791e+00 7.718352e+00 3.992472e-01
852 6.613176e+00 7.227256e+00 3.974512e-01
853 6.497785e+00 6.655197e+00 3.956499e-01
854 6.880764e+00 6.904946e+00 3.965217e-01
1946 3.535362e+00 9.468850e+00 4.000077e-01
1947 3.535362e+00 9.186929e+00 3.999882e-01
1948 4.268564e+00 9.186929e+00 4.001313e-01
1949 4.625783e+00 9.186928e+00 4.001736e-01
1950 4.983003e+00 9.186928e+00 4.002159e-01
1951 5.340222e+00 9.186928e+00 4.002582e-01
1952 4.268564e+00 9.468849e+00 4.001313e-01
1953 4.625783e+00 9.468849e+00 4.001736e-01
1954 4.983003e+00 9.468848e+00 4.002159e-01
1955 5.340222e+00 9.468848e+00 4.002582e-01
1956 6.079631e+00 9.186928e+00 4.003457e-01
1957 6.079632e+00 9.468847e+00 4.003457e-01
1958 6.795928e+00 9.468847e+00 4.003938e-01
1959 6.795928e+00 9.186927e+00 4.003743e-01
1960 5.340222e+00 8.577888e+00 4.002582e-01
1961 4.983002e+00 8.577888e+00 4.002159e-01
1962 4.625783e+00 8.577889e+00 4.001736e-01
1963 4.268564e+00 8.577889e+00 4.001313e-01
1964 3.535362e+00 8.515390e+00 3.999374e-01
1965 6.795927e+00 8.515387e+00 4.003233e-01
1966 6.079631e+00 8.577887e+00 4.003457e-01
1967 3.774421e+00 7.837174e+00 3.990265e-01
1968 4.013480e+00 7.548577e+00 3.981465e-01
1969 5.180813e+00 7.706048e+00 3.986233e-01
1970 4.725765e+00 7.711567e+00 3.985864e-01
1971 5.141444e+00 7.978408e+00 3.994266e-01
1972 4.616238e+00 7.981168e+00 3.993730e-01
1973 5.345874e+00 8.114036e+00 3.998532e-01
1974 5.009703e+00 8.114864e+00 3.998159e-01
1975 4.673531e+00 8.115693e+00 3.997787e-01
1976 4.337359e+00 8.116521e+00 3.997414e-01
1977 4.488746e+00 6.954354e+00 3.963573e-01
1978 5.211008e+00 7.043312e+00 3.966611e-01
1979 4.919181e+00 7.178543e+00 3.970287e-01
1980 5.014656e+00 6.914624e+00 3.962576e-01
1981 6.035440e+00 7.954911e+00 3.994618e-01
1982 5.991248e+00 7.659055e+00 3.985779e-01
1983 5.895986e+00 7.008029e+00 3.966331e-01
1984 6.735010e+00 7.826263e+00 3.993452e-01
1985 6.674093e+00 7.526760e+00 3.983983e-01
1986 6.555480e+00 6.941227e+00 3.965506e-01
2788 204 110 109 785 784 
2789 204 784 785 112 111 
2790 204 111 112 793 786 
2791 204 786 793 792 787 
2792 204 787 792 791 788 
2793 204 788 791 790 789 
2794 204 789 790 114 113 
2795 204 113 114 795 794 
2796 204 794 795 116 115 
2797 204 115 116 797 796 
2798 204 796 797 118 117 
2799 204 110 784 1946 801 
2800 204 801 1946 1947 802 
2801 204 802 1947 800 120 
2802 204 784 111 799 1946 
2803 204 1946 799 798 1947 
2804 204 1947 798 119 800 
2805 204 119 798 1948 803 
2806 204 803 1948 1949 804 
2807 204 804 1949 1950 805 
2808 204 805 1950 1951 806 
2809 204 806 1951 807 121 
2810 204 798 799 1952 1948 
2811 204 1948 1952 1953 1949 
2812 204 1949 1953 1954 1950 
2813 204 1950 1954 1955 1951 
2814 204 1951 1955 808 807 
2815 204 799 111 786 1952 
2816 204 1952 786 787 1953 
2817 204 1953 787 788 1954 
2818 204 1954 788 789 1955 
2819 204 1955 789 113 808 
2820 204 121 807 1956 809 
2821 204 809 1956 810 122 
2822 204 807 808 1957 1956 
2823 204 1956 1957 811 810 
2824 204 808 113 794 1957 
2825 204 1957 794 115 811 
2826 204 115 796 1958 811 
2827 204 811 1958 1959 810 
2828 204 810 1959 814 122 
2829 204 796 117 813 1958 
2830 204 1958 813 812 1959 
2831 204 1959 812 123 814 
2832 204 125 818 1960 819 
2833 204 819 1960 806 121 
2834 204 818 817 1961 1960 
2835 204 1960 1961 805 806 
2836 204 817 816 1962 1961 
2837 204 1961 1962 804 805 
2838 204 816 815 1963 1962 
2839 204 1962 1963 803 804 
2840 204 815 124 820 1963 
2841 204 1963 820 119 803 
2842 203 126 823 821 
2843 204 823 822 1964 821 
2844 204 822 120 800 1964 
2845 204 119 820 1964 800 
2846 204 820 124 821 1964 
2847 204 123 825 1965 814 
2848 204 825 824 826 1965 
2849 203 824 127 826 
2850 204 128 827 1965 826 
2851 204 827 122 814 1965 
2852 204 128 828 1966 827 
2853 204 827 1966 809 122 
2854 204 828 125 819 1966 
2855 204 1966 819 121 809 
2856 204 129 831 1968 832 
2857 204 831 830 1967 1968 
2858 204 830 829 821 1967 
2859 203 829 126 821 
2860 204 124 834 1967 821 
2861 204 834 833 1968 1967 
2862 204 833 130 832 1968 
2863 204 131 836 1969 837 
2864 204 836 835 1970 1969 
2865 204 835 130 833 1970 
2866 204 837 1969 1971 838 
2867 204 1969 1970 1972 1971 
2868 204 1970 833 834 1972 
2869 204 838 1971 1974 1973 
2870 204 1971 1972 1975 1974 
2871 204 1972 834 1976 1975 
2872 204 838 1973 818 125 
2873 204 1973 1974 817 818 
2874 204 1974 1975 816 817 
2875 204 1975 1976 815 816 
2876 204 1976 834 124 815 
2877 204 130 842 1977 832 
2878 204 842 841 840 1977 
2879 203 841 133 840 
2880 204 132 839 1977 840 
2881 204 839 129 832 1977 
2882 204 131 844 1978 836 
2883 204 844 134 843 1978 
2884 204 836 1978 1979 835 
2885 204 1978 843 1980 1979 
2886 204 835 1979 842 130 
2887 204 1979 1980 841 842 
2888 204 1980 843 133 841 
2889 204 125 828 1981 838 
2890 204 838 1981 1982 837 
2891 204 837 1982 847 131 
2892 204 828 128 846 1981 
2893 204 1981 846 845 1982 
2894 204 1982 845 135 847 
2895 204 131 847 1983 844 
2896 204 844 1983 849 134 
2897 204 847 135 848 1983 
2898 204 1983 848 136 849 
2899 204 128 826 1984 846 
2900 204 846 1984 1985 845 
2901 204 845 1985 852 135 
2902 204 826 127 851 1984 
2903 204 1984 851 850 1985 
2904 204 1985 850 137 852 
2905 204 136 848 1986 853 
2906 204 853 1986 854 138 
2907 204 848 135 852 1986 
2908 204 1986 852 137 854 
