53 , 193
193 , 198
198 , 58
58 , 53
193 , 333
333 , 338
338 , 198
333 , 473
473 , 478
478 , 338
473 , 613
613 , 618
618 , 478
613 , 753
753 , 758
758 , 618
753 , 893
893 , 898
898 , 758
893 , 1033
1033 , 1038
1038 , 898
1033 , 1173
1173 , 1178
1178 , 1038
1173 , 1313
1313 , 1318
1318 , 1178
1313 , 1453
1453 , 1458
1458 , 1318
198 , 203
203 , 63
63 , 58
338 , 343
343 , 203
478 , 483
483 , 343
618 , 623
623 , 483
758 , 763
763 , 623
898 , 903
903 , 763
1038 , 1043
1043 , 903
1178 , 1183
1183 , 1043
1318 , 1323
1323 , 1183
1458 , 1463
1463 , 1323
203 , 208
208 , 68
68 , 63
343 , 348
348 , 208
483 , 488
488 , 348
623 , 628
628 , 488
763 , 768
768 , 628
903 , 908
908 , 768
1043 , 1048
1048 , 908
1183 , 1188
1188 , 1048
1323 , 1328
1328 , 1188
1463 , 1468
1468 , 1328
